\N	22	25	28	33	37	20	1997-11-01
\N	02	19	24	28	35	26	1997-11-05
\N	07	17	21	40	49	37	1997-11-08
\N	13	14	16	29	41	01	1997-11-12
\N	07	21	26	32	45	08	1997-11-15
\N	03	10	19	21	48	22	1997-11-19
\N	03	07	14	22	31	02	1997-11-22
\N	15	23	34	40	46	35	1997-11-26
\N	02	11	13	27	31	23	1997-11-29
\N	09	14	18	42	47	32	1997-12-03
\N	08	15	26	28	43	36	1997-12-06
\N	04	18	21	28	41	03	1997-12-10
\N	05	35	41	44	46	27	1997-12-13
\N	03	05	13	18	45	20	1997-12-17
\N	10	11	12	17	23	07	1997-12-20
\N	03	16	28	34	35	14	1997-12-24
\N	09	14	15	36	48	17	1997-12-27
\N	04	05	06	14	27	06	1997-12-31
\N	04	07	09	27	32	06	1998-01-03
\N	03	04	18	30	37	23	1998-01-07
\N	07	09	17	20	44	25	1998-01-10
\N	06	09	16	28	38	13	1998-01-14
\N	09	28	29	38	49	06	1998-01-17
\N	01	23	26	31	32	33	1998-01-21
\N	07	15	23	28	36	10	1998-01-24
\N	15	23	31	36	48	12	1998-01-28
\N	07	11	13	36	48	18	1998-01-31
\N	08	12	21	25	30	20	1998-02-04
\N	05	12	15	27	40	14	1998-02-07
\N	25	33	34	35	37	35	1998-02-11
\N	05	07	23	39	41	06	1998-02-14
\N	01	21	28	29	33	15	1998-02-18
\N	09	22	29	39	47	25	1998-02-21
\N	02	20	30	43	46	19	1998-02-25
\N	04	26	41	45	49	06	1998-02-28
\N	03	19	30	33	39	09	1998-03-04
\N	21	30	32	36	42	33	1998-03-07
\N	02	05	17	24	36	20	1998-03-11
\N	15	34	35	42	47	15	1998-03-14
\N	02	04	33	39	41	26	1998-03-18
\N	04	34	35	38	47	16	1998-03-21
\N	05	23	35	42	44	29	1998-03-25
\N	27	30	33	38	44	15	1998-03-28
\N	11	12	33	34	47	39	1998-04-01
\N	03	08	23	43	46	13	1998-04-04
\N	03	10	24	30	49	35	1998-04-08
\N	05	15	36	48	49	11	1998-04-11
\N	08	24	25	39	41	21	1998-04-15
\N	19	22	24	30	45	21	1998-04-18
\N	04	13	29	31	49	04	1998-04-22
\N	05	07	20	35	38	19	1998-04-25
\N	08	25	30	46	47	31	1998-04-29
\N	03	14	19	37	49	04	1998-05-02
\N	11	20	44	45	47	05	1998-05-06
\N	08	26	29	34	49	28	1998-05-09
\N	02	13	18	30	36	26	1998-05-13
\N	01	22	23	28	41	18	1998-05-16
\N	04	09	30	34	48	08	1998-05-20
\N	01	15	16	35	46	35	1998-05-23
\N	02	15	27	33	46	27	1998-05-27
\N	03	14	24	29	45	24	1998-05-30
\N	22	25	31	35	41	38	1998-06-03
\N	16	24	26	28	42	24	1998-06-06
\N	04	12	19	36	38	06	1998-06-10
\N	03	06	08	21	23	11	1998-06-13
\N	07	14	35	36	37	10	1998-06-17
\N	09	26	27	31	49	04	1998-06-20
\N	13	16	18	27	30	23	1998-06-24
\N	07	10	30	31	36	37	1998-06-27
\N	03	17	29	35	47	34	1998-07-01
\N	15	25	30	38	39	42	1998-07-04
\N	05	16	19	29	34	24	1998-07-08
\N	01	06	10	12	38	17	1998-07-11
\N	11	16	21	23	36	37	1998-07-15
\N	08	10	14	33	40	31	1998-07-18
\N	01	22	23	30	49	33	1998-07-22
\N	03	14	17	21	23	16	1998-07-25
\N	08	39	43	45	49	13	1998-07-29
\N	01	04	20	25	44	05	1998-08-01
\N	03	12	19	35	42	21	1998-08-05
\N	05	09	33	42	45	28	1998-08-08
\N	02	10	33	42	45	02	1998-08-12
\N	12	27	30	37	49	20	1998-08-15
\N	08	15	23	43	46	29	1998-08-19
\N	07	11	21	22	49	19	1998-08-22
\N	06	23	32	42	46	08	1998-08-26
\N	13	14	18	29	31	23	1998-08-29
\N	21	28	29	40	44	08	1998-09-02
\N	08	10	16	26	49	40	1998-09-05
\N	04	12	19	42	46	09	1998-09-09
\N	16	19	28	33	35	16	1998-09-12
\N	06	24	35	40	42	02	1998-09-16
\N	01	19	35	37	41	11	1998-09-19
\N	01	05	21	22	42	18	1998-09-23
\N	02	03	05	24	25	08	1998-09-26
\N	02	03	08	12	36	24	1998-09-30
\N	05	14	22	25	32	04	1998-10-03
\N	06	08	09	15	26	07	1998-10-07
\N	01	08	19	28	45	25	1998-10-10
\N	14	15	18	26	32	06	1998-10-14
\N	28	32	44	47	48	27	1998-10-17
\N	22	24	27	39	44	25	1998-10-21
\N	10	12	17	25	40	20	1998-10-24
\N	08	09	24	35	44	42	1998-10-28
\N	17	33	34	37	42	08	1998-10-31
\N	02	08	17	30	36	22	1998-11-04
\N	05	10	13	30	33	28	1998-11-07
\N	10	14	25	36	48	02	1998-11-11
\N	03	10	16	35	41	38	1998-11-14
\N	21	25	33	39	46	18	1998-11-18
\N	01	14	15	21	35	10	1998-11-21
\N	06	10	13	33	48	09	1998-11-25
\N	02	04	06	11	43	09	1998-11-28
\N	04	22	29	36	45	30	1998-12-02
\N	09	19	20	27	31	39	1998-12-05
\N	12	33	40	43	48	16	1998-12-09
\N	12	16	26	29	40	32	1998-12-12
\N	03	08	19	27	32	38	1998-12-16
\N	03	05	15	17	45	06	1998-12-19
\N	29	31	39	45	46	33	1998-12-23
\N	07	17	27	29	41	33	1998-12-26
\N	10	20	34	38	46	03	1998-12-30
\N	04	17	23	26	39	27	1999-01-02
\N	02	09	13	16	44	36	1999-01-06
\N	05	10	11	27	32	13	1999-01-09
\N	15	31	33	43	47	06	1999-01-13
\N	02	15	20	28	40	15	1999-01-16
\N	02	12	19	40	48	27	1999-01-20
\N	03	19	26	30	49	31	1999-01-23
\N	02	04	20	23	44	22	1999-01-27
\N	19	24	25	40	45	05	1999-01-30
\N	20	26	30	39	42	32	1999-02-03
\N	15	25	32	39	48	32	1999-02-06
\N	10	20	27	31	42	26	1999-02-10
\N	04	09	18	27	35	11	1999-02-13
\N	10	21	22	25	36	39	1999-02-17
\N	06	15	16	24	39	12	1999-02-20
\N	08	15	29	40	46	23	1999-02-24
\N	13	20	30	32	46	36	1999-02-27
\N	01	08	12	42	44	13	1999-03-03
\N	13	19	20	25	42	13	1999-03-06
\N	01	14	26	34	49	15	1999-03-10
\N	08	11	42	44	49	39	1999-03-13
\N	09	15	31	37	40	09	1999-03-17
\N	04	20	22	40	41	07	1999-03-20
\N	07	19	20	26	27	12	1999-03-24
\N	05	12	13	45	48	35	1999-03-27
\N	03	15	16	28	39	01	1999-03-31
\N	01	04	10	17	30	06	1999-04-03
\N	05	26	31	37	39	42	1999-04-07
\N	03	24	34	42	45	01	1999-04-10
\N	10	12	19	25	40	33	1999-04-14
\N	15	18	25	40	43	37	1999-04-17
\N	03	11	32	41	45	29	1999-04-21
\N	01	03	35	45	48	18	1999-04-24
\N	05	07	12	18	42	14	1999-04-28
\N	07	09	20	26	27	18	1999-05-01
\N	07	09	26	31	40	24	1999-05-05
\N	25	28	30	34	47	14	1999-05-08
\N	04	05	12	38	40	28	1999-05-12
\N	04	24	27	30	38	14	1999-05-15
\N	04	09	24	35	41	31	1999-05-19
\N	06	15	18	36	43	11	1999-05-22
\N	26	29	34	36	37	24	1999-05-26
\N	05	35	36	43	45	19	1999-05-29
\N	04	20	24	46	48	32	1999-06-02
\N	02	08	16	37	49	11	1999-06-05
\N	07	32	35	38	48	17	1999-06-09
\N	17	26	28	35	45	20	1999-06-12
\N	02	04	08	14	38	01	1999-06-16
\N	02	23	27	38	46	26	1999-06-19
\N	12	15	17	23	49	07	1999-06-23
\N	08	15	22	38	47	26	1999-06-26
\N	05	10	12	20	40	03	1999-06-30
\N	01	07	08	21	37	02	1999-07-03
\N	03	06	17	37	41	08	1999-07-07
\N	07	17	35	37	44	30	1999-07-10
\N	01	06	25	29	32	09	1999-07-14
\N	30	36	37	40	48	28	1999-07-17
\N	04	13	26	29	31	03	1999-07-21
\N	04	23	33	45	47	33	1999-07-24
\N	22	23	25	31	32	25	1999-07-28
\N	18	26	43	45	46	29	1999-07-31
\N	04	18	24	33	35	34	1999-08-04
\N	01	42	44	45	49	01	1999-08-07
\N	05	07	10	12	43	07	1999-08-11
\N	01	05	06	39	45	14	1999-08-14
\N	05	08	09	26	41	19	1999-08-18
\N	02	17	28	42	45	20	1999-08-21
\N	11	13	21	34	45	30	1999-08-25
\N	14	18	25	38	39	07	1999-08-28
\N	09	32	36	37	39	14	1999-09-01
\N	14	22	23	26	34	29	1999-09-04
\N	08	15	22	39	43	22	1999-09-08
\N	04	32	33	37	42	25	1999-09-11
\N	01	12	37	42	48	31	1999-09-15
\N	02	08	26	34	46	30	1999-09-18
\N	08	33	35	38	47	08	1999-09-22
\N	15	32	33	36	41	07	1999-09-25
\N	11	22	29	41	46	42	1999-09-29
\N	12	15	25	35	48	30	1999-10-02
\N	06	07	15	38	42	42	1999-10-06
\N	08	20	27	39	43	01	1999-10-09
\N	15	23	38	43	44	38	1999-10-13
\N	05	12	18	22	40	21	1999-10-16
\N	02	16	19	20	29	13	1999-10-20
\N	12	15	27	32	37	11	1999-10-23
\N	17	20	24	31	39	21	1999-10-27
\N	10	26	33	37	41	21	1999-10-30
\N	01	03	07	08	26	07	1999-11-03
\N	05	08	12	25	40	28	1999-11-06
\N	13	19	31	40	43	36	1999-11-10
\N	13	16	26	32	34	24	1999-11-13
\N	11	20	27	43	48	12	1999-11-17
\N	05	06	18	42	44	03	1999-11-20
\N	02	04	15	37	43	40	1999-11-24
\N	03	16	24	28	38	28	1999-11-27
\N	03	14	20	32	47	02	1999-12-01
\N	05	22	25	36	38	37	1999-12-04
\N	13	34	40	44	47	24	1999-12-08
\N	06	10	31	47	48	29	1999-12-11
\N	19	32	33	35	47	26	1999-12-15
\N	02	03	15	25	43	25	1999-12-18
\N	11	13	23	42	43	18	1999-12-22
\N	06	19	29	39	44	28	1999-12-25
\N	03	11	14	16	43	10	1999-12-29
\N	09	13	23	36	45	39	2000-01-01
\N	05	15	16	28	32	39	2000-01-05
\N	07	28	35	40	48	14	2000-01-08
\N	09	32	38	41	44	27	2000-01-12
\N	01	06	21	33	40	28	2000-01-15
\N	12	31	35	37	44	34	2000-01-19
\N	04	16	32	34	41	25	2000-01-22
\N	18	25	30	43	46	18	2000-01-26
\N	06	08	28	32	47	26	2000-01-29
\N	06	10	12	16	29	33	2000-02-02
\N	06	11	34	41	44	20	2000-02-05
\N	05	29	36	40	49	30	2000-02-09
\N	21	24	37	44	45	24	2000-02-12
\N	09	10	12	31	41	37	2000-02-16
\N	14	23	24	45	48	21	2000-02-19
\N	12	16	20	26	32	35	2000-02-23
\N	07	09	23	37	49	07	2000-02-26
\N	21	22	29	30	38	39	2000-03-01
\N	03	06	08	43	48	01	2000-03-04
\N	11	14	17	25	36	38	2000-03-08
\N	02	11	23	28	31	39	2000-03-11
\N	14	15	19	38	44	20	2000-03-15
\N	12	30	39	43	46	10	2000-03-18
\N	03	12	30	41	46	32	2000-03-22
\N	06	30	43	45	48	32	2000-03-25
\N	12	32	37	40	49	37	2000-03-29
\N	03	04	13	29	38	21	2000-04-01
\N	06	08	11	18	39	40	2000-04-05
\N	04	09	12	33	48	18	2000-04-08
\N	04	06	20	25	31	06	2000-04-12
\N	15	26	28	40	48	09	2000-04-15
\N	03	08	09	20	49	22	2000-04-19
\N	03	05	09	42	48	35	2000-04-22
\N	05	10	17	24	37	15	2000-04-26
\N	12	14	26	35	36	37	2000-04-29
\N	05	13	34	41	48	07	2000-05-03
\N	04	27	29	39	41	16	2000-05-06
\N	08	18	20	31	47	11	2000-05-10
\N	01	03	27	38	42	24	2000-05-13
\N	16	17	20	28	49	34	2000-05-17
\N	05	17	40	44	48	26	2000-05-20
\N	07	19	43	46	47	04	2000-05-24
\N	02	22	29	30	44	36	2000-05-27
\N	15	16	22	42	43	11	2000-05-31
\N	13	14	15	31	37	10	2000-06-03
\N	19	39	45	46	49	17	2000-06-07
\N	02	16	32	40	47	15	2000-06-10
\N	21	23	32	34	42	05	2000-06-14
\N	06	15	25	44	47	07	2000-06-17
\N	01	24	27	28	43	25	2000-06-21
\N	02	13	26	27	49	04	2000-06-24
\N	13	24	27	30	45	18	2000-06-28
\N	13	14	22	32	42	26	2000-07-01
\N	10	14	18	32	33	02	2000-07-05
\N	02	07	10	34	39	12	2000-07-08
\N	06	09	10	26	48	10	2000-07-12
\N	05	08	21	46	49	34	2000-07-15
\N	05	08	18	36	38	40	2000-07-19
\N	02	12	15	33	41	33	2000-07-22
\N	03	20	22	37	44	36	2000-07-26
\N	11	24	26	38	41	07	2000-07-29
\N	12	27	33	42	49	31	2000-08-02
\N	13	28	32	33	38	14	2000-08-05
\N	11	17	18	19	28	34	2000-08-09
\N	06	31	38	46	47	21	2000-08-12
\N	15	16	27	44	47	14	2000-08-16
\N	10	13	17	23	36	23	2000-08-19
\N	20	28	40	43	47	31	2000-08-23
\N	16	22	27	40	43	05	2000-08-26
\N	04	25	29	36	46	08	2000-08-30
\N	05	14	20	22	26	35	2000-09-02
\N	04	06	12	28	42	06	2000-09-06
\N	14	18	20	29	42	02	2000-09-09
\N	02	13	21	22	47	31	2000-09-13
\N	01	19	40	47	49	14	2000-09-16
\N	17	21	23	33	45	11	2000-09-20
\N	01	17	27	35	36	31	2000-09-23
\N	24	32	42	44	47	15	2000-09-27
\N	19	24	32	43	44	39	2000-09-30
\N	03	16	24	34	48	03	2000-10-04
\N	04	07	27	34	39	01	2000-10-07
\N	26	32	41	44	45	35	2000-10-11
\N	14	16	18	22	41	37	2000-10-14
\N	17	21	28	42	43	25	2000-10-18
\N	13	19	24	44	45	16	2000-10-21
\N	03	05	20	45	46	37	2000-10-25
\N	06	11	32	37	47	13	2000-10-28
\N	04	10	14	29	39	10	2000-11-01
\N	05	09	22	34	42	02	2000-11-04
\N	13	17	37	45	49	04	2000-11-08
\N	04	12	21	38	46	37	2000-11-11
\N	12	26	32	41	46	18	2000-11-15
\N	03	27	31	32	41	33	2000-11-18
\N	05	18	40	44	47	34	2000-11-22
\N	02	37	38	39	42	22	2000-11-25
\N	01	04	20	27	29	17	2000-11-29
\N	11	14	22	38	41	39	2000-12-02
\N	07	15	20	23	45	17	2000-12-06
\N	08	10	14	41	42	20	2000-12-09
\N	06	10	19	38	43	41	2000-12-13
\N	02	26	33	34	39	23	2000-12-16
\N	04	07	31	34	41	28	2000-12-20
\N	06	11	15	22	27	27	2000-12-23
\N	15	22	24	32	39	18	2000-12-27
\N	23	26	29	38	46	35	2000-12-30
\N	09	19	29	38	49	20	2001-01-03
\N	01	22	24	39	43	26	2001-01-06
\N	06	09	22	23	35	06	2001-01-10
\N	14	19	23	29	42	26	2001-01-13
\N	09	16	28	31	48	36	2001-01-17
\N	01	11	25	29	36	40	2001-01-20
\N	31	34	39	42	49	26	2001-01-24
\N	08	19	32	41	45	37	2001-01-27
\N	15	21	27	37	47	16	2001-01-31
\N	21	27	29	41	44	09	2001-02-03
\N	04	06	07	31	33	20	2001-02-07
\N	16	38	41	46	47	25	2001-02-10
\N	05	18	29	41	42	16	2001-02-14
\N	04	22	31	39	41	06	2001-02-17
\N	04	10	32	39	45	25	2001-02-21
\N	29	30	34	41	49	37	2001-02-24
\N	01	03	09	46	47	22	2001-02-28
\N	08	09	23	36	44	15	2001-03-03
\N	09	23	32	40	45	31	2001-03-07
\N	12	19	26	30	33	11	2001-03-10
\N	12	22	27	42	49	34	2001-03-14
\N	15	16	18	20	36	18	2001-03-17
\N	13	14	18	20	21	16	2001-03-21
\N	02	28	37	40	49	22	2001-03-24
\N	04	12	27	31	43	20	2001-03-28
\N	11	27	37	39	41	42	2001-03-31
\N	05	12	13	16	43	11	2001-04-04
\N	18	20	31	37	41	01	2001-04-07
\N	04	21	32	39	41	31	2001-04-11
\N	03	08	16	29	30	04	2001-04-14
\N	06	11	18	20	44	39	2001-04-18
\N	05	24	25	30	38	40	2001-04-21
\N	14	26	28	29	39	39	2001-04-25
\N	01	11	20	34	39	37	2001-04-28
\N	02	19	30	36	42	19	2001-05-02
\N	07	09	19	20	45	05	2001-05-05
\N	09	14	19	22	49	34	2001-05-09
\N	11	16	28	29	36	21	2001-05-12
\N	12	13	20	28	44	17	2001-05-16
\N	06	10	21	47	49	02	2001-05-19
\N	19	21	32	34	49	38	2001-05-23
\N	09	10	21	24	40	36	2001-05-26
\N	11	12	28	36	43	09	2001-05-30
\N	10	17	26	45	48	38	2001-06-02
\N	10	20	21	40	45	22	2001-06-06
\N	20	23	37	42	43	27	2001-06-09
\N	09	32	34	36	41	14	2001-06-13
\N	02	13	17	44	45	14	2001-06-16
\N	05	09	14	18	49	32	2001-06-20
\N	06	35	38	40	42	36	2001-06-23
\N	03	07	13	16	35	22	2001-06-27
\N	03	06	33	34	39	15	2001-06-30
\N	03	25	26	28	30	10	2001-07-04
\N	03	09	22	34	46	17	2001-07-07
\N	10	16	18	24	26	13	2001-07-11
\N	01	13	15	27	41	02	2001-07-14
\N	04	09	26	31	49	02	2001-07-18
\N	03	15	19	20	27	20	2001-07-21
\N	16	23	29	37	39	17	2001-07-25
\N	04	23	33	36	45	29	2001-07-28
\N	24	25	26	34	39	31	2001-08-01
\N	16	20	24	26	46	09	2001-08-04
\N	02	10	25	37	41	02	2001-08-08
\N	11	14	20	25	41	08	2001-08-11
\N	29	37	40	43	44	06	2001-08-15
\N	03	14	20	22	48	17	2001-08-18
\N	02	28	30	36	39	10	2001-08-22
\N	08	17	22	42	47	21	2001-08-25
\N	04	09	32	35	49	28	2001-08-29
\N	07	24	27	30	44	29	2001-09-01
\N	14	18	24	33	42	08	2001-09-05
\N	06	12	13	28	48	26	2001-09-08
\N	13	25	35	39	47	01	2001-09-12
\N	19	28	33	43	49	23	2001-09-15
\N	21	26	28	31	41	29	2001-09-19
\N	23	27	34	39	42	40	2001-09-22
\N	18	26	30	35	44	19	2001-09-26
\N	02	15	21	29	47	12	2001-09-29
\N	02	20	23	35	49	25	2001-10-03
\N	01	05	09	21	31	12	2001-10-06
\N	01	07	08	16	19	37	2001-10-10
\N	37	40	41	46	48	20	2001-10-13
\N	05	07	29	40	46	05	2001-10-17
\N	07	16	33	40	47	33	2001-10-20
\N	06	15	24	27	42	32	2001-10-24
\N	01	10	17	28	45	20	2001-10-27
\N	02	16	18	35	40	41	2001-10-31
\N	06	14	36	37	49	20	2001-11-03
\N	02	04	06	17	25	31	2001-11-07
\N	07	13	16	33	38	13	2001-11-10
\N	04	17	28	30	40	03	2001-11-14
\N	01	07	10	27	35	34	2001-11-17
\N	27	28	31	38	41	13	2001-11-21
\N	10	12	27	37	42	30	2001-11-24
\N	05	15	18	24	48	16	2001-11-28
\N	06	38	41	46	48	37	2001-12-01
\N	08	09	13	14	21	37	2001-12-05
\N	17	26	31	35	48	35	2001-12-08
\N	04	20	35	43	47	27	2001-12-12
\N	08	11	13	22	37	17	2001-12-15
\N	20	26	35	36	43	23	2001-12-19
\N	14	24	27	33	34	06	2001-12-22
\N	08	19	23	39	41	21	2001-12-26
\N	10	15	27	43	45	31	2001-12-29
\N	23	36	42	44	46	33	2002-01-02
\N	07	08	14	17	32	15	2002-01-05
\N	07	39	40	42	43	04	2002-01-09
\N	13	19	22	41	47	05	2002-01-12
\N	24	31	34	40	47	30	2002-01-16
\N	21	23	35	41	49	05	2002-01-19
\N	14	18	30	32	47	36	2002-01-23
\N	05	14	15	22	30	31	2002-01-26
\N	07	09	15	21	40	18	2002-01-30
\N	12	19	27	43	45	28	2002-02-02
\N	10	24	28	34	35	32	2002-02-06
\N	17	21	30	35	36	12	2002-02-09
\N	02	10	33	38	43	19	2002-02-13
\N	19	31	32	42	45	06	2002-02-16
\N	08	09	19	22	25	11	2002-02-20
\N	08	15	19	21	38	33	2002-02-23
\N	01	02	06	19	45	27	2002-02-27
\N	06	22	25	36	46	34	2002-03-02
\N	05	07	15	30	38	02	2002-03-06
\N	02	12	38	44	49	19	2002-03-09
\N	04	27	28	33	49	39	2002-03-13
\N	10	16	37	38	45	14	2002-03-16
\N	04	20	25	30	49	37	2002-03-20
\N	01	02	10	39	48	13	2002-03-23
\N	15	35	40	43	46	33	2002-03-27
\N	08	13	16	19	29	37	2002-03-30
\N	08	14	17	29	36	03	2002-04-03
\N	15	16	22	30	35	20	2002-04-06
\N	07	12	17	29	48	21	2002-04-10
\N	16	22	32	33	38	13	2002-04-13
\N	02	03	22	23	36	22	2002-04-17
\N	27	34	40	42	44	08	2002-04-20
\N	01	13	16	33	43	01	2002-04-24
\N	01	09	12	18	33	14	2002-04-27
\N	03	26	32	45	48	06	2002-05-01
\N	06	07	09	12	20	20	2002-05-04
\N	06	11	25	28	34	35	2002-05-08
\N	03	15	16	36	40	22	2002-05-11
\N	30	33	36	37	49	35	2002-05-15
\N	02	18	25	31	32	01	2002-05-18
\N	05	20	22	23	34	19	2002-05-22
\N	09	29	30	33	42	27	2002-05-25
\N	18	28	31	35	49	13	2002-05-29
\N	02	06	17	19	27	02	2002-06-01
\N	01	18	21	36	47	33	2002-06-05
\N	26	37	42	46	48	38	2002-06-08
\N	13	18	27	39	49	20	2002-06-12
\N	07	08	16	42	43	15	2002-06-15
\N	01	03	04	07	11	23	2002-06-19
\N	01	16	26	37	48	09	2002-06-22
\N	06	09	17	23	24	14	2002-06-26
\N	04	33	35	36	45	22	2002-06-29
\N	07	19	38	48	49	10	2002-07-03
\N	02	09	27	36	39	13	2002-07-06
\N	26	31	37	43	45	32	2002-07-10
\N	03	22	37	42	49	08	2002-07-13
\N	10	11	25	40	45	25	2002-07-17
\N	02	03	06	13	26	10	2002-07-20
\N	16	19	22	34	37	20	2002-07-24
\N	02	05	17	22	44	30	2002-07-27
\N	02	04	06	22	34	26	2002-07-31
\N	13	19	24	33	34	41	2002-08-03
\N	13	35	40	46	47	35	2002-08-07
\N	11	16	21	27	35	31	2002-08-10
\N	04	16	19	33	41	29	2002-08-14
\N	03	26	33	42	46	41	2002-08-17
\N	01	06	43	47	48	36	2002-08-21
\N	05	10	18	24	45	20	2002-08-24
\N	24	30	36	37	38	42	2002-08-28
\N	12	14	22	29	41	41	2002-08-31
\N	15	18	26	31	36	20	2002-09-04
\N	06	12	19	24	34	18	2002-09-07
\N	03	06	26	39	48	28	2002-09-11
\N	05	14	26	31	40	29	2002-09-14
\N	06	27	32	42	44	10	2002-09-18
\N	03	11	28	40	45	33	2002-09-21
\N	01	12	23	36	49	09	2002-09-25
\N	12	22	24	31	35	08	2002-09-28
\N	02	04	05	38	43	34	2002-10-02
\N	14	19	22	39	43	12	2002-10-05
\N	09	10	38	42	43	05	2002-10-09
\N	23	26	46	49	52	28	2002-10-12
\N	08	11	24	31	37	41	2002-10-16
\N	04	18	20	25	42	29	2002-10-19
\N	02	14	18	30	31	36	2002-10-23
\N	12	14	27	33	39	41	2002-10-26
\N	09	16	19	23	41	12	2002-10-30
\N	08	15	32	34	35	34	2002-11-02
\N	09	11	12	17	19	23	2002-11-06
\N	30	36	38	40	53	08	2002-11-09
\N	18	23	31	38	50	20	2002-11-13
\N	32	33	35	40	51	01	2002-11-16
\N	14	21	22	29	44	03	2002-11-20
\N	15	16	19	21	49	05	2002-11-23
\N	01	20	25	40	53	19	2002-11-27
\N	01	04	19	21	29	08	2002-11-30
\N	13	20	21	35	40	35	2002-12-04
\N	03	17	27	32	48	01	2002-12-07
\N	06	12	14	22	33	21	2002-12-11
\N	08	17	24	42	44	37	2002-12-14
\N	02	14	33	50	52	22	2002-12-18
\N	05	22	34	39	52	30	2002-12-21
\N	05	14	16	29	53	07	2002-12-25
\N	02	15	38	43	50	29	2002-12-28
\N	18	34	42	43	53	17	2003-01-01
\N	01	11	37	39	40	23	2003-01-04
\N	16	22	26	44	46	20	2003-01-08
\N	09	45	46	48	51	02	2003-01-11
\N	04	17	30	42	44	15	2003-01-15
\N	04	17	34	48	52	10	2003-01-18
\N	20	28	30	40	43	03	2003-01-22
\N	10	12	15	49	51	21	2003-01-25
\N	10	12	27	30	53	28	2003-01-29
\N	02	11	16	21	39	42	2003-02-01
\N	02	05	07	09	48	32	2003-02-05
\N	02	13	20	21	23	35	2003-02-08
\N	07	12	19	47	49	06	2003-02-12
\N	01	26	29	38	42	30	2003-02-15
\N	06	11	16	17	44	26	2003-02-19
\N	02	05	06	09	10	26	2003-02-22
\N	10	23	27	31	34	11	2003-02-26
\N	06	07	27	28	41	03	2003-03-01
\N	02	24	28	37	44	06	2003-03-05
\N	01	05	20	21	45	24	2003-03-08
\N	05	24	25	44	52	20	2003-03-12
\N	12	30	41	45	52	35	2003-03-15
\N	19	37	40	47	51	40	2003-03-19
\N	05	29	31	47	49	25	2003-03-22
\N	10	28	31	40	52	41	2003-03-26
\N	02	09	17	25	36	08	2003-03-29
\N	12	17	35	47	50	13	2003-04-02
\N	07	14	23	46	49	20	2003-04-05
\N	06	28	35	38	51	41	2003-04-09
\N	17	27	28	35	52	02	2003-04-12
\N	04	25	39	41	50	31	2003-04-16
\N	10	18	40	46	48	30	2003-04-19
\N	14	15	23	31	51	34	2003-04-23
\N	05	11	13	22	36	31	2003-04-26
\N	07	13	17	32	33	35	2003-04-30
\N	14	21	39	40	47	06	2003-05-03
\N	13	18	34	35	51	28	2003-05-07
\N	01	02	06	10	20	38	2003-05-10
\N	20	33	34	45	52	21	2003-05-14
\N	05	13	18	42	50	04	2003-05-17
\N	04	30	32	35	41	09	2003-05-21
\N	10	42	48	49	50	42	2003-05-24
\N	06	16	17	19	38	16	2003-05-28
\N	10	26	30	46	52	35	2003-05-31
\N	02	14	24	26	53	01	2003-06-04
\N	11	17	26	27	40	06	2003-06-07
\N	12	16	43	44	46	38	2003-06-11
\N	12	26	40	42	50	03	2003-06-14
\N	19	20	21	45	46	20	2003-06-18
\N	15	19	27	36	44	17	2003-06-21
\N	05	26	35	43	50	04	2003-06-25
\N	07	09	14	41	44	25	2003-06-28
\N	16	17	24	26	45	36	2003-07-02
\N	05	17	25	37	49	21	2003-07-05
\N	19	21	26	31	51	40	2003-07-09
\N	06	16	50	51	52	23	2003-07-12
\N	18	27	28	30	49	20	2003-07-16
\N	14	29	30	34	48	01	2003-07-19
\N	04	16	34	37	51	38	2003-07-23
\N	09	10	30	32	34	11	2003-07-26
\N	18	22	26	31	49	28	2003-07-30
\N	17	40	41	42	46	25	2003-08-02
\N	11	14	26	31	48	30	2003-08-06
\N	18	23	25	26	40	15	2003-08-09
\N	26	31	35	44	48	32	2003-08-13
\N	13	15	20	37	42	07	2003-08-16
\N	08	22	35	46	48	15	2003-08-20
\N	01	39	46	50	51	07	2003-08-23
\N	24	31	36	42	46	32	2003-08-27
\N	09	35	36	41	49	33	2003-08-30
\N	06	09	19	24	40	31	2003-09-03
\N	06	15	18	20	41	17	2003-09-06
\N	03	17	29	30	33	34	2003-09-10
\N	06	10	19	28	32	39	2003-09-13
\N	02	19	24	32	34	02	2003-09-17
\N	11	13	28	31	33	29	2003-09-20
\N	17	19	20	28	47	37	2003-09-24
\N	09	20	30	41	48	29	2003-09-27
\N	04	05	19	21	50	41	2003-10-01
\N	08	13	29	44	48	36	2003-10-04
\N	01	06	07	08	25	18	2003-10-08
\N	11	14	21	32	45	21	2003-10-11
\N	06	09	29	39	52	08	2003-10-15
\N	22	25	33	34	35	14	2003-10-18
\N	03	25	27	28	53	35	2003-10-22
\N	06	17	45	47	48	04	2003-10-25
\N	08	19	22	34	53	29	2003-10-29
\N	16	19	34	37	47	18	2003-11-01
\N	06	20	27	38	39	31	2003-11-05
\N	05	08	24	38	52	22	2003-11-08
\N	07	11	19	20	22	01	2003-11-12
\N	08	20	22	32	52	39	2003-11-15
\N	16	26	36	42	47	33	2003-11-19
\N	09	12	17	29	45	04	2003-11-22
\N	01	03	16	37	41	19	2003-11-26
\N	14	36	39	43	51	15	2003-11-29
\N	01	10	35	37	43	30	2003-12-03
\N	21	24	37	41	45	39	2003-12-06
\N	04	17	26	37	40	15	2003-12-10
\N	17	19	25	26	44	19	2003-12-13
\N	15	18	19	21	43	07	2003-12-17
\N	12	20	24	25	48	37	2003-12-20
\N	01	06	31	34	44	25	2003-12-24
\N	16	17	32	34	43	31	2003-12-27
\N	05	07	18	28	35	01	2003-12-31
\N	04	05	22	41	42	02	2004-01-03
\N	04	07	14	18	44	25	2004-01-07
\N	02	13	19	27	50	05	2004-01-10
\N	12	33	40	44	50	40	2004-01-14
\N	08	09	32	45	48	15	2004-01-17
\N	13	17	34	41	45	17	2004-01-21
\N	01	05	37	38	53	31	2004-01-24
\N	08	13	17	39	48	34	2004-01-28
\N	03	06	27	37	41	38	2004-01-31
\N	07	12	17	25	32	33	2004-02-04
\N	31	34	35	39	46	03	2004-02-07
\N	05	16	28	50	52	04	2004-02-11
\N	10	24	25	35	43	32	2004-02-14
\N	04	24	36	44	50	02	2004-02-18
\N	15	22	26	48	53	14	2004-02-21
\N	04	05	11	17	47	35	2004-02-25
\N	06	25	26	52	53	40	2004-02-28
\N	05	11	17	23	53	34	2004-03-03
\N	09	17	46	49	51	09	2004-03-06
\N	10	20	22	41	49	06	2004-03-10
\N	11	44	45	48	50	02	2004-03-13
\N	07	15	20	24	43	05	2004-03-17
\N	02	14	24	27	44	06	2004-03-20
\N	18	20	39	43	47	31	2004-03-24
\N	02	15	17	30	34	32	2004-03-27
\N	15	31	34	39	50	35	2004-03-31
\N	06	07	26	32	43	13	2004-04-03
\N	02	07	16	35	37	10	2004-04-07
\N	02	09	30	47	48	40	2004-04-10
\N	01	06	20	22	38	22	2004-04-14
\N	04	29	34	41	42	11	2004-04-17
\N	08	11	34	42	51	27	2004-04-21
\N	02	13	22	35	44	28	2004-04-24
\N	27	34	42	49	52	23	2004-04-28
\N	01	10	34	39	47	33	2004-05-01
\N	09	16	21	25	32	08	2004-05-05
\N	03	09	17	37	43	39	2004-05-08
\N	11	31	35	42	45	35	2004-05-12
\N	01	26	27	43	46	31	2004-05-15
\N	14	15	31	37	41	31	2004-05-19
\N	01	07	36	42	49	41	2004-05-22
\N	03	10	31	35	38	16	2004-05-26
\N	01	16	30	32	39	02	2004-05-29
\N	05	06	12	26	29	30	2004-06-02
\N	05	26	39	41	42	39	2004-06-05
\N	01	31	33	37	50	40	2004-06-09
\N	06	20	43	48	52	28	2004-06-12
\N	16	18	26	39	48	22	2004-06-16
\N	02	09	36	37	48	16	2004-06-19
\N	09	12	16	20	39	01	2004-06-23
\N	09	17	32	41	47	08	2004-06-26
\N	02	29	31	45	47	04	2004-06-30
\N	03	08	12	30	47	23	2004-07-03
\N	18	25	30	34	41	10	2004-07-07
\N	16	17	23	26	44	13	2004-07-10
\N	09	24	45	49	50	37	2004-07-14
\N	20	23	36	45	50	09	2004-07-17
\N	03	31	38	42	46	02	2004-07-21
\N	02	03	13	29	52	25	2004-07-24
\N	04	19	39	40	50	22	2004-07-28
\N	14	31	35	45	47	35	2004-07-31
\N	11	22	26	37	51	21	2004-08-04
\N	08	09	16	34	48	08	2004-08-07
\N	05	10	29	33	51	35	2004-08-11
\N	04	10	11	18	43	41	2004-08-14
\N	31	33	35	40	42	40	2004-08-18
\N	03	16	27	39	40	03	2004-08-21
\N	01	30	32	37	50	19	2004-08-25
\N	06	30	35	39	45	31	2004-08-28
\N	31	33	44	45	51	31	2004-09-01
\N	13	15	25	26	46	28	2004-09-04
\N	02	04	28	33	52	18	2004-09-08
\N	25	34	36	46	49	09	2004-09-11
\N	01	08	17	28	50	20	2004-09-15
\N	02	14	27	31	36	09	2004-09-18
\N	06	14	34	37	40	07	2004-09-22
\N	11	25	40	41	48	03	2004-09-25
\N	16	28	33	35	37	17	2004-09-29
\N	02	13	29	32	35	04	2004-10-02
\N	05	06	19	44	50	28	2004-10-06
\N	01	03	10	47	48	27	2004-10-09
\N	05	14	17	45	46	41	2004-10-13
\N	05	20	22	36	42	11	2004-10-16
\N	01	11	17	41	46	24	2004-10-20
\N	15	24	49	50	52	40	2004-10-23
\N	11	17	40	44	51	21	2004-10-27
\N	20	27	30	40	48	11	2004-10-30
\N	11	35	43	45	48	42	2004-11-03
\N	18	22	33	38	40	19	2004-11-06
\N	14	21	29	43	45	26	2004-11-10
\N	05	06	26	33	34	13	2004-11-13
\N	15	25	31	36	46	37	2004-11-17
\N	04	29	45	48	50	01	2004-11-20
\N	03	19	47	49	53	04	2004-11-24
\N	16	28	35	36	47	31	2004-11-27
\N	03	28	36	38	44	01	2004-12-01
\N	06	09	16	22	30	04	2004-12-04
\N	13	17	35	45	50	02	2004-12-08
\N	06	07	16	41	53	23	2004-12-11
\N	01	06	11	38	53	11	2004-12-15
\N	01	25	29	30	45	12	2004-12-18
\N	02	07	11	24	31	18	2004-12-22
\N	29	32	39	45	53	16	2004-12-25
\N	24	29	33	38	44	07	2004-12-29
\N	22	23	26	44	47	12	2005-01-01
\N	04	07	10	30	37	37	2005-01-05
\N	09	11	22	24	43	02	2005-01-08
\N	21	23	27	38	50	38	2005-01-12
\N	21	26	37	49	51	25	2005-01-15
\N	09	18	32	33	49	27	2005-01-19
\N	11	23	32	33	34	38	2005-01-22
\N	05	32	43	47	48	33	2005-01-26
\N	11	16	20	29	41	12	2005-01-29
\N	10	11	16	40	44	02	2005-02-02
\N	11	34	37	44	47	23	2005-02-05
\N	09	10	15	18	29	09	2005-02-09
\N	18	21	28	49	50	16	2005-02-12
\N	21	25	27	41	48	25	2005-02-16
\N	12	15	18	27	52	36	2005-02-19
\N	04	10	15	48	51	13	2005-02-23
\N	08	22	30	33	49	06	2005-02-26
\N	03	10	18	46	48	08	2005-03-02
\N	09	13	27	40	53	28	2005-03-05
\N	10	17	20	23	45	31	2005-03-09
\N	07	23	40	46	52	41	2005-03-12
\N	11	19	25	38	50	35	2005-03-16
\N	01	21	28	32	41	09	2005-03-19
\N	23	29	37	40	45	38	2005-03-23
\N	09	12	35	41	51	36	2005-03-26
\N	22	28	32	33	39	42	2005-03-30
\N	05	09	11	17	46	39	2005-04-02
\N	05	11	14	22	51	17	2005-04-06
\N	01	11	35	46	53	29	2005-04-09
\N	06	13	37	51	52	25	2005-04-13
\N	11	38	44	45	51	41	2005-04-16
\N	07	16	33	34	46	27	2005-04-20
\N	08	09	13	15	50	09	2005-04-23
\N	11	13	18	32	42	04	2005-04-27
\N	08	15	17	32	48	24	2005-04-30
\N	10	21	27	33	40	02	2005-05-04
\N	21	23	39	44	47	19	2005-05-07
\N	05	25	46	48	49	06	2005-05-11
\N	21	29	38	49	52	42	2005-05-14
\N	07	13	17	20	35	35	2005-05-18
\N	02	05	07	10	30	23	2005-05-21
\N	27	29	31	42	46	33	2005-05-25
\N	05	07	24	28	39	36	2005-05-28
\N	15	34	39	42	50	12	2005-06-01
\N	07	16	38	44	48	18	2005-06-04
\N	10	36	40	42	43	42	2005-06-08
\N	03	10	14	24	46	37	2005-06-11
\N	14	20	22	39	44	14	2005-06-15
\N	05	08	10	16	24	05	2005-06-18
\N	09	13	23	42	51	15	2005-06-22
\N	07	28	31	32	40	14	2005-06-25
\N	03	08	22	42	49	39	2005-06-29
\N	09	10	29	39	52	20	2005-07-02
\N	02	12	25	30	48	38	2005-07-06
\N	08	09	39	47	53	04	2005-07-09
\N	04	05	13	23	43	34	2005-07-13
\N	08	32	33	41	50	22	2005-07-16
\N	06	07	32	39	51	31	2005-07-20
\N	13	16	20	28	32	36	2005-07-23
\N	01	04	10	13	29	03	2005-07-27
\N	08	14	35	38	46	24	2005-07-30
\N	05	19	24	28	39	24	2005-08-03
\N	01	09	19	36	53	33	2005-08-06
\N	13	31	36	38	49	02	2005-08-10
\N	01	02	18	37	43	37	2005-08-13
\N	03	08	30	43	53	15	2005-08-17
\N	13	27	28	29	49	36	2005-08-20
\N	09	11	26	35	51	32	2005-08-24
\N	08	22	31	39	44	11	2005-08-27
\N	13	17	19	41	50	13	2005-08-31
\N	01	03	30	31	43	36	2005-09-03
\N	12	32	40	50	54	37	2005-09-07
\N	08	10	11	48	50	16	2005-09-10
\N	21	24	42	49	50	01	2005-09-14
\N	05	09	27	49	52	06	2005-09-17
\N	03	28	34	35	50	08	2005-09-21
\N	02	10	31	43	55	14	2005-09-24
\N	07	22	27	48	50	17	2005-09-28
\N	08	18	38	45	54	23	2005-10-01
\N	02	15	25	30	45	17	2005-10-05
\N	26	31	35	46	50	28	2005-10-08
\N	04	09	18	51	54	10	2005-10-12
\N	01	07	08	34	45	15	2005-10-15
\N	07	21	43	44	49	29	2005-10-19
\N	06	07	36	51	53	17	2005-10-22
\N	02	10	39	42	43	23	2005-10-26
\N	14	19	22	41	50	21	2005-10-29
\N	06	11	14	27	41	38	2005-11-02
\N	07	25	29	37	50	17	2005-11-05
\N	05	13	14	31	49	30	2005-11-09
\N	17	37	41	48	55	39	2005-11-12
\N	05	18	20	21	44	27	2005-11-16
\N	08	15	20	41	54	22	2005-11-19
\N	09	12	24	25	27	33	2005-11-23
\N	28	34	37	45	53	32	2005-11-26
\N	19	23	27	42	52	01	2005-11-30
\N	02	15	26	37	42	36	2005-12-03
\N	19	30	41	45	54	14	2005-12-07
\N	03	21	34	42	45	39	2005-12-10
\N	08	15	16	45	51	11	2005-12-14
\N	24	36	44	46	53	18	2005-12-17
\N	09	12	16	23	43	37	2005-12-21
\N	04	10	33	34	50	14	2005-12-24
\N	12	15	30	46	54	01	2005-12-28
\N	04	30	37	43	46	42	2005-12-31
\N	10	23	42	48	54	03	2006-01-04
\N	02	16	21	32	43	06	2006-01-07
\N	03	06	14	17	18	14	2006-01-11
\N	06	14	40	46	49	17	2006-01-14
\N	15	29	38	52	53	07	2006-01-18
\N	03	18	39	43	54	41	2006-01-21
\N	10	37	43	50	52	14	2006-01-25
\N	14	15	26	28	36	36	2006-01-28
\N	11	13	30	35	55	37	2006-02-01
\N	04	12	13	30	38	30	2006-02-04
\N	14	25	32	48	54	10	2006-02-08
\N	07	38	40	51	52	14	2006-02-11
\N	03	13	35	39	40	37	2006-02-15
\N	15	17	43	44	48	29	2006-02-18
\N	09	23	47	53	55	39	2006-02-22
\N	03	37	46	48	51	22	2006-02-25
\N	10	25	35	38	41	23	2006-03-01
\N	13	22	27	52	55	26	2006-03-04
\N	01	05	07	21	43	20	2006-03-08
\N	16	35	37	52	54	33	2006-03-11
\N	07	12	36	48	54	37	2006-03-15
\N	01	25	34	36	42	19	2006-03-18
\N	18	22	23	38	45	31	2006-03-22
\N	20	34	37	39	45	32	2006-03-25
\N	02	14	24	28	54	13	2006-03-29
\N	01	10	23	50	55	29	2006-04-01
\N	03	09	24	29	39	42	2006-04-05
\N	04	23	35	43	44	35	2006-04-08
\N	16	26	34	35	41	24	2006-04-12
\N	13	18	23	28	46	33	2006-04-15
\N	05	28	32	34	53	10	2006-04-19
\N	04	05	06	18	27	24	2006-04-22
\N	12	24	26	48	55	14	2006-04-26
\N	19	30	35	40	41	14	2006-04-29
\N	04	06	19	38	42	37	2006-05-03
\N	12	23	25	32	38	27	2006-05-06
\N	03	04	11	37	44	24	2006-05-10
\N	19	28	30	47	54	13	2006-05-13
\N	15	17	24	26	35	38	2006-05-17
\N	02	09	23	44	45	38	2006-05-20
\N	02	03	12	47	51	10	2006-05-24
\N	06	23	27	41	47	19	2006-05-27
\N	10	20	22	43	49	03	2006-05-31
\N	05	06	18	20	50	35	2006-06-03
\N	04	10	20	26	40	08	2006-06-07
\N	16	24	26	36	54	11	2006-06-10
\N	04	14	15	40	48	12	2006-06-14
\N	10	20	22	39	48	25	2006-06-17
\N	11	19	22	43	45	34	2006-06-21
\N	08	11	30	39	47	23	2006-06-24
\N	02	08	16	45	51	32	2006-06-28
\N	02	31	35	40	42	34	2006-07-01
\N	26	39	41	52	53	20	2006-07-05
\N	32	37	44	49	50	13	2006-07-08
\N	18	19	30	31	33	15	2006-07-12
\N	20	35	36	47	50	05	2006-07-15
\N	02	32	38	44	50	21	2006-07-19
\N	14	40	47	54	55	06	2006-07-22
\N	05	10	17	24	43	31	2006-07-26
\N	14	19	26	39	55	29	2006-07-29
\N	10	13	16	19	24	15	2006-08-02
\N	02	03	09	48	50	23	2006-08-05
\N	16	19	41	43	52	35	2006-08-09
\N	13	14	18	27	54	32	2006-08-12
\N	02	13	22	48	50	02	2006-08-16
\N	12	22	26	29	51	09	2006-08-19
\N	08	17	24	38	51	31	2006-08-23
\N	24	26	38	42	46	16	2006-08-26
\N	03	19	33	35	43	01	2006-08-30
\N	03	08	24	28	49	25	2006-09-02
\N	02	21	27	35	55	01	2006-09-06
\N	03	19	20	22	47	02	2006-09-09
\N	15	19	26	45	47	03	2006-09-13
\N	07	08	26	27	42	12	2006-09-16
\N	07	08	17	29	54	26	2006-09-20
\N	13	21	26	45	50	20	2006-09-23
\N	23	28	33	35	49	16	2006-09-27
\N	06	15	30	32	39	05	2006-09-30
\N	03	07	27	39	40	08	2006-10-04
\N	03	04	08	31	45	12	2006-10-07
\N	05	10	12	35	38	09	2006-10-11
\N	01	15	17	26	40	19	2006-10-14
\N	02	24	34	41	48	24	2006-10-18
\N	09	29	31	45	55	07	2006-10-21
\N	16	40	42	43	48	01	2006-10-25
\N	14	22	30	38	41	12	2006-10-28
\N	07	08	13	46	54	35	2006-11-01
\N	12	13	34	39	44	05	2006-11-04
\N	08	11	12	26	53	04	2006-11-08
\N	35	38	40	49	55	41	2006-11-11
\N	11	28	30	34	43	29	2006-11-15
\N	01	08	19	36	42	20	2006-11-18
\N	22	32	36	49	55	08	2006-11-22
\N	05	18	28	49	55	38	2006-11-25
\N	02	08	09	12	19	25	2006-11-29
\N	17	34	42	45	50	11	2006-12-02
\N	07	34	35	36	38	14	2006-12-06
\N	19	22	30	34	52	40	2006-12-09
\N	19	32	33	42	54	15	2006-12-13
\N	05	17	28	36	51	05	2006-12-16
\N	01	06	14	26	34	34	2006-12-20
\N	08	27	43	52	53	05	2006-12-23
\N	14	16	27	29	41	29	2006-12-27
\N	09	23	28	31	36	26	2006-12-30
\N	10	12	24	35	55	31	2007-01-03
\N	01	24	40	49	50	38	2007-01-06
\N	36	42	45	53	54	36	2007-01-10
\N	01	21	23	25	26	04	2007-01-13
\N	16	35	49	50	52	31	2007-01-17
\N	01	05	26	32	38	30	2007-01-20
\N	09	19	29	42	53	17	2007-01-24
\N	10	19	26	27	32	14	2007-01-27
\N	02	15	25	42	48	14	2007-01-31
\N	12	13	20	33	42	37	2007-02-03
\N	04	22	28	37	52	10	2007-02-07
\N	02	11	16	41	42	16	2007-02-10
\N	03	26	30	54	55	15	2007-02-14
\N	01	15	35	37	45	32	2007-02-17
\N	02	08	22	29	37	03	2007-02-21
\N	36	38	42	54	55	24	2007-02-24
\N	13	20	41	42	53	02	2007-02-28
\N	01	05	16	22	48	06	2007-03-03
\N	13	16	18	19	46	36	2007-03-07
\N	14	18	34	42	43	32	2007-03-10
\N	04	27	30	39	44	18	2007-03-14
\N	07	17	44	47	54	03	2007-03-17
\N	16	24	38	53	54	05	2007-03-21
\N	10	38	40	48	53	03	2007-03-24
\N	06	20	35	37	47	01	2007-03-28
\N	02	05	16	36	40	36	2007-03-31
\N	19	30	39	40	53	16	2007-04-04
\N	02	28	31	54	55	23	2007-04-07
\N	06	15	38	42	51	18	2007-04-11
\N	12	21	36	38	49	18	2007-04-14
\N	06	10	12	13	24	19	2007-04-18
\N	22	26	28	33	45	17	2007-04-21
\N	12	13	14	17	53	11	2007-04-25
\N	16	22	43	46	49	10	2007-04-28
\N	01	08	35	40	47	09	2007-05-02
\N	13	21	29	40	50	06	2007-05-05
\N	02	13	30	44	52	40	2007-05-09
\N	30	44	46	51	53	25	2007-05-12
\N	06	07	16	34	42	23	2007-05-16
\N	03	19	21	26	45	02	2007-05-19
\N	03	11	24	36	38	06	2007-05-23
\N	01	05	21	46	51	29	2007-05-26
\N	07	23	35	54	55	28	2007-05-30
\N	02	22	32	36	47	36	2007-06-02
\N	05	09	14	45	48	28	2007-06-06
\N	07	10	25	32	41	22	2007-06-09
\N	10	13	28	30	47	26	2007-06-13
\N	04	08	32	47	51	27	2007-06-16
\N	23	31	32	37	55	35	2007-06-20
\N	14	15	27	43	53	28	2007-06-23
\N	09	11	13	24	43	18	2007-06-27
\N	24	38	39	46	47	26	2007-06-30
\N	01	02	15	17	49	35	2007-07-04
\N	15	21	27	41	47	20	2007-07-07
\N	08	20	29	42	43	35	2007-07-11
\N	01	21	30	34	36	37	2007-07-14
\N	03	09	14	40	42	03	2007-07-18
\N	14	30	39	43	46	14	2007-07-21
\N	28	35	40	47	53	30	2007-07-25
\N	15	19	24	27	47	11	2007-07-28
\N	09	16	23	51	52	12	2007-08-01
\N	02	23	24	27	36	03	2007-08-04
\N	09	16	21	30	52	09	2007-08-08
\N	01	10	11	37	40	20	2007-08-11
\N	19	22	24	38	51	09	2007-08-15
\N	12	15	28	31	50	12	2007-08-18
\N	12	37	40	48	50	37	2007-08-22
\N	02	08	23	29	35	19	2007-08-25
\N	13	16	33	44	47	29	2007-08-29
\N	12	19	23	37	39	13	2007-09-01
\N	11	20	21	30	48	18	2007-09-05
\N	07	12	28	30	48	40	2007-09-08
\N	05	24	26	33	47	01	2007-09-12
\N	13	16	27	48	51	21	2007-09-15
\N	20	25	26	45	46	15	2007-09-19
\N	04	09	18	43	55	03	2007-09-22
\N	25	27	31	44	54	08	2007-09-26
\N	31	33	38	49	55	39	2007-09-29
\N	02	04	14	15	28	23	2007-10-03
\N	08	30	32	33	51	02	2007-10-06
\N	12	16	31	33	54	05	2007-10-10
\N	21	30	34	36	49	42	2007-10-13
\N	14	15	19	42	46	37	2007-10-17
\N	10	11	37	40	54	10	2007-10-20
\N	10	11	18	49	52	02	2007-10-24
\N	13	25	30	40	43	12	2007-10-27
\N	06	16	18	29	37	24	2007-10-31
\N	01	31	38	40	53	42	2007-11-03
\N	22	29	35	46	52	02	2007-11-07
\N	06	22	24	26	30	12	2007-11-10
\N	16	18	20	30	48	06	2007-11-14
\N	17	27	49	52	53	23	2007-11-17
\N	03	11	13	20	40	20	2007-11-21
\N	01	07	13	23	35	19	2007-11-24
\N	08	23	32	37	39	38	2007-11-28
\N	07	32	39	41	55	13	2007-12-01
\N	01	08	15	21	55	41	2007-12-05
\N	04	08	25	29	31	41	2007-12-08
\N	07	14	33	40	55	15	2007-12-12
\N	22	37	47	48	50	17	2007-12-15
\N	15	18	22	23	42	37	2007-12-19
\N	05	10	11	34	38	21	2007-12-22
\N	08	32	41	54	55	20	2007-12-26
\N	08	12	17	35	49	18	2007-12-29
\N	02	11	31	34	48	05	2008-01-02
\N	04	11	16	33	40	09	2008-01-05
\N	02	13	20	21	23	24	2008-01-09
\N	23	39	43	47	53	14	2008-01-12
\N	09	18	19	38	47	11	2008-01-16
\N	20	23	25	27	28	02	2008-01-19
\N	04	16	35	47	48	39	2008-01-23
\N	11	35	39	53	54	24	2008-01-26
\N	02	17	41	54	55	17	2008-01-30
\N	14	16	25	26	44	30	2008-02-02
\N	03	05	12	42	43	05	2008-02-06
\N	04	23	24	30	43	28	2008-02-09
\N	13	19	32	38	51	30	2008-02-13
\N	03	04	08	20	49	18	2008-02-16
\N	09	12	20	22	36	31	2008-02-20
\N	08	13	23	29	47	32	2008-02-23
\N	20	24	37	48	53	11	2008-02-27
\N	02	19	21	31	55	19	2008-03-01
\N	10	15	16	23	31	05	2008-03-05
\N	17	29	31	34	49	16	2008-03-08
\N	12	19	30	34	36	08	2008-03-12
\N	06	22	42	43	47	16	2008-03-15
\N	06	08	29	41	49	42	2008-03-19
\N	07	25	28	46	48	19	2008-03-22
\N	09	12	20	37	49	17	2008-03-26
\N	18	20	25	31	36	07	2008-03-29
\N	01	34	37	44	55	33	2008-04-02
\N	12	27	30	37	47	26	2008-04-05
\N	03	13	19	32	46	18	2008-04-09
\N	11	29	48	52	55	36	2008-04-12
\N	11	16	18	21	51	16	2008-04-16
\N	13	19	24	33	39	08	2008-04-19
\N	11	20	21	22	39	01	2008-04-23
\N	07	12	17	27	45	24	2008-04-26
\N	01	17	25	43	51	38	2008-04-30
\N	02	28	36	42	46	40	2008-05-03
\N	09	25	26	28	42	26	2008-05-07
\N	07	18	30	41	45	06	2008-05-10
\N	19	21	29	32	46	32	2008-05-14
\N	12	14	15	21	43	30	2008-05-17
\N	07	16	21	33	42	25	2008-05-21
\N	33	40	41	51	52	06	2008-05-24
\N	10	18	22	37	45	09	2008-05-28
\N	03	09	14	17	25	08	2008-05-31
\N	05	18	20	40	52	03	2008-06-04
\N	12	26	34	44	48	09	2008-06-07
\N	07	18	21	28	49	01	2008-06-11
\N	09	11	20	31	50	14	2008-06-14
\N	09	12	31	39	52	32	2008-06-18
\N	07	08	09	31	50	31	2008-06-21
\N	14	21	25	45	53	09	2008-06-25
\N	14	26	32	34	44	06	2008-06-28
\N	04	33	46	48	52	17	2008-07-02
\N	01	24	34	47	48	18	2008-07-05
\N	05	07	31	49	53	14	2008-07-09
\N	02	12	20	22	50	17	2008-07-12
\N	03	15	23	29	42	17	2008-07-16
\N	06	28	46	53	55	02	2008-07-19
\N	11	14	35	41	52	02	2008-07-23
\N	12	13	21	51	55	18	2008-07-26
\N	03	25	45	51	55	13	2008-07-30
\N	02	05	28	33	54	30	2008-08-02
\N	05	24	36	37	51	19	2008-08-06
\N	32	40	43	49	53	21	2008-08-09
\N	05	10	19	23	31	26	2008-08-13
\N	05	34	40	43	52	20	2008-08-16
\N	15	16	24	35	47	26	2008-08-20
\N	18	24	33	47	48	23	2008-08-23
\N	13	31	36	48	49	11	2008-08-27
\N	02	14	15	32	47	36	2008-08-30
\N	38	40	46	49	50	34	2008-09-03
\N	17	25	26	49	54	11	2008-09-06
\N	14	15	28	37	53	18	2008-09-10
\N	07	17	29	43	51	38	2008-09-13
\N	12	23	26	32	44	20	2008-09-17
\N	06	28	30	40	47	24	2008-09-20
\N	05	13	21	32	36	33	2008-09-24
\N	13	24	29	40	52	29	2008-09-27
\N	08	09	39	43	55	26	2008-10-01
\N	01	04	26	32	39	18	2008-10-04
\N	02	12	17	48	54	02	2008-10-08
\N	03	07	17	39	47	09	2008-10-11
\N	03	13	32	38	48	13	2008-10-15
\N	10	14	32	40	49	15	2008-10-18
\N	10	17	33	51	52	05	2008-10-22
\N	01	03	14	38	48	02	2008-10-25
\N	20	30	37	50	52	33	2008-10-29
\N	04	06	26	40	41	15	2008-11-01
\N	04	08	18	33	36	32	2008-11-05
\N	02	04	21	36	40	41	2008-11-08
\N	01	18	25	29	45	02	2008-11-12
\N	03	07	08	12	44	37	2008-11-15
\N	08	13	38	39	45	31	2008-11-19
\N	17	19	26	32	45	14	2008-11-22
\N	11	26	31	34	52	14	2008-11-26
\N	05	33	36	39	55	21	2008-11-29
\N	16	17	21	25	55	03	2008-12-03
\N	09	35	39	43	53	10	2008-12-06
\N	06	15	24	37	41	37	2008-12-10
\N	14	26	28	31	40	13	2008-12-13
\N	07	11	18	24	30	26	2008-12-17
\N	03	14	19	32	54	24	2008-12-20
\N	02	17	22	32	41	08	2008-12-24
\N	12	15	26	31	43	10	2008-12-27
\N	07	08	11	17	53	36	2008-12-31
\N	17	22	24	38	55	24	2009-01-03
\N	23	31	33	38	52	24	2009-01-07
\N	08	10	18	43	56	09	2009-01-10
\N	08	25	34	39	46	34	2009-01-14
\N	02	05	09	23	59	26	2009-01-17
\N	20	26	38	46	54	23	2009-01-21
\N	06	20	25	37	42	25	2009-01-24
\N	05	10	18	23	32	04	2009-01-28
\N	01	14	26	33	41	37	2009-01-31
\N	07	24	30	32	44	18	2009-02-04
\N	05	18	20	28	53	27	2009-02-07
\N	05	10	22	45	49	37	2009-02-11
\N	02	08	09	33	45	05	2009-02-14
\N	02	15	39	44	56	15	2009-02-18
\N	13	31	41	45	46	21	2009-02-21
\N	17	32	42	49	56	11	2009-02-25
\N	03	16	20	42	58	07	2009-02-28
\N	01	06	44	49	55	36	2009-03-04
\N	21	27	28	56	59	21	2009-03-07
\N	03	07	13	34	47	30	2009-03-11
\N	07	30	33	44	51	10	2009-03-14
\N	16	26	29	41	45	01	2009-03-18
\N	19	23	27	49	52	21	2009-03-21
\N	10	20	23	47	54	26	2009-03-25
\N	02	03	16	41	48	19	2009-03-28
\N	02	09	33	41	54	14	2009-04-01
\N	14	21	50	57	58	07	2009-04-04
\N	01	06	48	52	56	09	2009-04-08
\N	07	28	35	46	49	20	2009-04-11
\N	16	22	26	27	59	05	2009-04-15
\N	07	15	28	43	44	20	2009-04-18
\N	15	22	30	37	48	12	2009-04-22
\N	08	26	30	42	52	15	2009-04-25
\N	06	19	36	50	59	13	2009-04-29
\N	03	20	38	42	45	27	2009-05-02
\N	07	08	12	22	31	18	2009-05-06
\N	04	15	32	49	58	21	2009-05-09
\N	19	30	32	37	40	37	2009-05-13
\N	06	07	31	40	56	38	2009-05-16
\N	23	30	31	35	42	06	2009-05-20
\N	19	23	34	52	57	21	2009-05-23
\N	05	06	12	16	21	07	2009-05-27
\N	01	23	42	51	59	20	2009-05-30
\N	16	20	22	32	37	09	2009-06-03
\N	10	18	23	30	45	02	2009-06-06
\N	15	26	27	42	58	37	2009-06-10
\N	13	16	20	35	41	06	2009-06-13
\N	05	09	37	42	53	27	2009-06-17
\N	03	11	18	22	28	33	2009-06-20
\N	16	18	24	51	53	16	2009-06-24
\N	18	22	26	39	48	17	2009-06-27
\N	09	32	38	52	53	15	2009-07-01
\N	04	09	22	41	44	14	2009-07-04
\N	19	42	50	53	56	39	2009-07-08
\N	01	04	20	39	42	02	2009-07-11
\N	26	50	51	52	57	37	2009-07-15
\N	04	21	26	28	47	37	2009-07-18
\N	04	06	16	22	32	11	2009-07-22
\N	05	17	33	46	52	09	2009-07-25
\N	02	05	38	43	59	08	2009-07-29
\N	05	37	39	46	53	08	2009-08-01
\N	25	34	41	46	49	29	2009-08-05
\N	04	33	37	45	50	11	2009-08-08
\N	10	25	32	34	47	05	2009-08-12
\N	14	15	26	32	36	12	2009-08-15
\N	14	24	31	43	51	27	2009-08-19
\N	03	06	20	32	51	23	2009-08-22
\N	01	21	23	30	43	11	2009-08-26
\N	01	20	37	52	53	33	2009-08-29
\N	18	23	36	47	59	36	2009-09-02
\N	09	16	27	35	57	29	2009-09-05
\N	04	16	18	51	53	23	2009-09-09
\N	13	28	38	41	56	25	2009-09-12
\N	17	37	40	51	56	25	2009-09-16
\N	05	24	25	30	49	23	2009-09-19
\N	07	08	20	25	29	11	2009-09-23
\N	18	20	34	36	39	19	2009-09-26
\N	41	42	52	54	57	30	2009-09-30
\N	12	24	48	50	57	22	2009-10-03
\N	02	20	21	38	50	22	2009-10-07
\N	13	32	45	49	50	30	2009-10-10
\N	05	15	25	30	40	06	2009-10-14
\N	05	16	25	30	49	39	2009-10-17
\N	06	16	34	45	51	04	2009-10-21
\N	14	22	38	49	59	16	2009-10-24
\N	03	11	26	46	51	23	2009-10-28
\N	02	19	26	41	54	23	2009-10-31
\N	10	11	14	45	51	17	2009-11-04
\N	07	32	37	46	50	26	2009-11-07
\N	08	12	14	22	29	22	2009-11-11
\N	19	30	32	48	57	14	2009-11-14
\N	32	42	50	58	59	31	2009-11-18
\N	07	26	36	49	58	04	2009-11-21
\N	04	13	18	49	59	05	2009-11-25
\N	26	27	28	46	50	21	2009-11-28
\N	14	34	37	46	55	37	2009-12-02
\N	27	39	41	44	58	17	2009-12-05
\N	01	05	12	13	58	21	2009-12-09
\N	12	13	14	35	41	29	2009-12-12
\N	13	23	25	35	43	15	2009-12-16
\N	17	24	39	41	47	21	2009-12-19
\N	08	32	49	51	52	23	2009-12-23
\N	32	36	37	41	53	30	2009-12-26
\N	05	14	38	39	52	06	2009-12-30
\N	03	07	23	27	42	37	2010-01-02
\N	20	27	29	56	58	31	2010-01-06
\N	20	41	44	50	54	22	2010-01-09
\N	08	11	15	32	50	27	2010-01-13
\N	07	08	23	41	55	23	2010-01-16
\N	15	32	43	44	46	19	2010-01-20
\N	15	16	20	42	53	17	2010-01-23
\N	06	15	20	26	31	09	2010-01-27
\N	06	26	35	47	48	21	2010-01-30
\N	17	22	36	37	52	24	2010-02-03
\N	14	22	52	54	59	04	2010-02-06
\N	05	08	29	37	38	34	2010-02-10
\N	10	14	30	40	51	01	2010-02-13
\N	07	08	19	26	36	15	2010-02-17
\N	13	27	37	41	54	32	2010-02-20
\N	04	17	35	50	57	12	2010-02-24
\N	18	47	51	53	58	30	2010-02-27
\N	07	09	14	45	49	23	2010-03-03
\N	10	29	33	41	59	15	2010-03-06
\N	17	21	37	41	50	01	2010-03-10
\N	06	16	20	31	36	08	2010-03-13
\N	24	26	45	48	55	08	2010-03-17
\N	09	36	39	44	45	09	2010-03-20
\N	14	20	24	39	49	07	2010-03-24
\N	07	21	32	44	52	10	2010-03-27
\N	05	13	17	45	54	12	2010-03-31
\N	10	15	31	52	59	04	2010-04-03
\N	04	36	40	44	52	33	2010-04-07
\N	21	22	49	52	58	34	2010-04-10
\N	06	14	32	38	52	20	2010-04-14
\N	05	21	22	41	49	15	2010-04-17
\N	11	34	41	49	55	20	2010-04-21
\N	01	12	53	56	57	05	2010-04-24
\N	12	22	25	28	44	24	2010-04-28
\N	16	23	25	49	58	20	2010-05-01
\N	13	34	40	47	57	11	2010-05-05
\N	05	22	34	41	57	31	2010-05-08
\N	37	51	52	53	58	38	2010-05-12
\N	15	21	23	28	36	20	2010-05-15
\N	02	07	29	55	58	27	2010-05-19
\N	19	20	40	47	57	29	2010-05-22
\N	01	06	10	13	20	32	2010-05-26
\N	01	03	24	28	41	10	2010-05-29
\N	04	09	14	39	43	38	2010-06-02
\N	18	34	40	48	59	25	2010-06-05
\N	14	22	27	32	49	05	2010-06-09
\N	09	12	13	35	38	30	2010-06-12
\N	08	11	18	29	36	06	2010-06-16
\N	09	30	31	50	54	39	2010-06-19
\N	11	30	45	47	48	10	2010-06-23
\N	13	30	32	38	57	25	2010-06-26
\N	06	38	43	47	48	27	2010-06-30
\N	03	10	14	52	53	03	2010-07-03
\N	10	41	44	48	56	04	2010-07-07
\N	20	21	27	28	56	04	2010-07-10
\N	20	21	23	38	42	06	2010-07-14
\N	22	27	35	37	45	03	2010-07-17
\N	16	22	30	51	58	25	2010-07-21
\N	20	30	38	46	59	27	2010-07-24
\N	01	11	20	25	27	02	2010-07-28
\N	01	16	17	41	57	15	2010-07-31
\N	19	28	30	37	53	36	2010-08-04
\N	04	22	26	31	52	30	2010-08-07
\N	07	10	22	23	52	29	2010-08-11
\N	09	33	36	50	58	31	2010-08-14
\N	04	32	33	47	55	39	2010-08-18
\N	07	10	12	22	27	26	2010-08-21
\N	16	17	29	31	36	23	2010-08-25
\N	04	22	27	32	56	13	2010-08-28
\N	17	20	21	40	51	19	2010-09-01
\N	11	14	22	33	42	38	2010-09-04
\N	10	35	39	51	57	20	2010-09-08
\N	07	17	20	36	59	33	2010-09-11
\N	07	20	21	34	43	34	2010-09-15
\N	01	18	37	39	44	13	2010-09-18
\N	10	24	36	52	55	15	2010-09-22
\N	08	16	27	35	42	30	2010-09-25
\N	13	44	51	52	55	30	2010-09-29
\N	12	20	30	36	47	25	2010-10-02
\N	14	26	37	41	46	24	2010-10-06
\N	02	06	32	42	49	35	2010-10-09
\N	12	22	32	34	46	02	2010-10-13
\N	11	12	15	16	28	11	2010-10-16
\N	07	17	20	39	59	17	2010-10-20
\N	02	07	16	20	46	34	2010-10-23
\N	20	24	25	53	59	15	2010-10-27
\N	01	07	27	36	49	39	2010-10-30
\N	34	38	39	45	50	33	2010-11-03
\N	07	12	23	34	38	33	2010-11-06
\N	05	08	11	40	44	10	2010-11-10
\N	17	30	48	51	54	29	2010-11-13
\N	14	16	53	54	59	05	2010-11-17
\N	10	12	38	53	57	01	2010-11-20
\N	08	20	21	32	37	04	2010-11-24
\N	10	30	37	47	54	39	2010-11-27
\N	05	10	11	12	20	02	2010-12-01
\N	13	24	27	31	42	22	2010-12-04
\N	08	11	25	41	58	16	2010-12-08
\N	01	08	10	19	20	23	2010-12-11
\N	10	11	18	32	45	18	2010-12-15
\N	04	11	19	33	43	14	2010-12-18
\N	11	33	44	46	47	12	2010-12-22
\N	01	17	38	50	52	24	2010-12-25
\N	03	16	18	20	37	30	2010-12-29
\N	18	22	37	47	54	36	2011-01-01
\N	22	26	32	38	40	07	2011-01-05
\N	06	07	26	33	52	24	2011-01-08
\N	19	21	23	40	48	27	2011-01-12
\N	09	13	22	23	37	31	2011-01-15
\N	22	36	51	56	59	32	2011-01-19
\N	30	31	34	45	51	23	2011-01-22
\N	04	05	36	47	58	06	2011-01-26
\N	24	28	45	49	52	02	2011-01-29
\N	03	14	33	53	57	36	2011-02-02
\N	15	37	41	56	59	05	2011-02-05
\N	07	11	39	42	51	30	2011-02-09
\N	11	32	36	48	52	19	2011-02-12
\N	09	13	21	23	48	24	2011-02-16
\N	03	12	34	37	42	36	2011-02-19
\N	29	32	36	39	49	29	2011-02-23
\N	04	13	17	21	45	10	2011-02-26
\N	07	31	50	51	58	06	2011-03-02
\N	02	23	31	42	48	21	2011-03-05
\N	12	20	28	40	48	08	2011-03-09
\N	01	04	12	41	47	03	2011-03-12
\N	28	39	40	48	53	09	2011-03-16
\N	03	11	20	27	46	08	2011-03-19
\N	05	15	26	28	32	09	2011-03-23
\N	04	10	11	19	33	27	2011-03-26
\N	19	20	42	56	58	37	2011-03-30
\N	06	22	34	43	45	23	2011-04-02
\N	10	18	41	55	56	15	2011-04-06
\N	05	14	32	53	56	11	2011-04-09
\N	04	23	39	49	50	39	2011-04-13
\N	21	33	44	45	55	07	2011-04-16
\N	09	24	34	36	43	27	2011-04-20
\N	03	11	47	48	58	19	2011-04-23
\N	04	24	40	44	55	05	2011-04-27
\N	06	13	15	32	41	03	2011-04-30
\N	03	15	27	29	41	24	2011-05-04
\N	02	11	27	47	55	15	2011-05-07
\N	09	17	32	43	45	31	2011-05-11
\N	08	17	18	40	44	16	2011-05-14
\N	07	12	13	42	49	16	2011-05-18
\N	02	08	40	49	50	36	2011-05-21
\N	04	23	31	42	50	23	2011-05-25
\N	12	20	43	51	55	11	2011-05-28
\N	08	18	38	46	56	31	2011-06-01
\N	17	19	39	41	58	21	2011-06-04
\N	14	37	44	45	53	29	2011-06-08
\N	16	18	27	36	50	08	2011-06-11
\N	19	20	38	41	43	29	2011-06-15
\N	12	21	22	38	41	18	2011-06-18
\N	12	15	19	46	59	12	2011-06-22
\N	18	36	39	41	57	12	2011-06-25
\N	24	30	45	57	59	26	2011-06-29
\N	01	11	18	29	51	32	2011-07-02
\N	11	15	24	50	55	08	2011-07-06
\N	01	09	11	23	31	06	2011-07-09
\N	08	18	19	32	54	08	2011-07-13
\N	24	28	48	50	54	25	2011-07-16
\N	01	04	38	40	42	17	2011-07-20
\N	01	07	27	38	48	30	2011-07-23
\N	38	40	41	51	59	33	2011-07-27
\N	20	40	41	47	55	19	2011-07-30
\N	13	19	21	28	49	11	2011-08-03
\N	25	30	54	57	59	06	2011-08-06
\N	11	18	36	41	46	38	2011-08-10
\N	09	12	35	50	58	04	2011-08-13
\N	18	28	31	48	52	37	2011-08-17
\N	02	17	23	28	47	36	2011-08-20
\N	09	13	47	49	53	39	2011-08-24
\N	02	12	25	54	58	14	2011-08-27
\N	13	19	35	47	57	29	2011-08-31
\N	15	25	52	53	54	02	2011-09-03
\N	03	05	18	27	54	13	2011-09-07
\N	04	19	22	32	53	24	2011-09-10
\N	16	41	42	50	59	05	2011-09-14
\N	06	20	22	32	43	11	2011-09-17
\N	12	47	48	52	55	13	2011-09-21
\N	03	04	12	27	44	26	2011-09-24
\N	30	41	50	51	53	08	2011-09-28
\N	01	12	23	27	43	31	2011-10-01
\N	07	20	43	46	54	17	2011-10-05
\N	03	27	35	37	45	31	2011-10-08
\N	10	12	23	43	47	18	2011-10-12
\N	05	10	24	38	43	01	2011-10-15
\N	16	26	35	52	58	02	2011-10-19
\N	03	08	23	30	58	13	2011-10-22
\N	01	18	21	39	55	06	2011-10-26
\N	11	16	40	51	56	38	2011-10-29
\N	12	14	34	39	46	36	2011-11-02
\N	02	33	39	40	43	26	2011-11-05
\N	05	35	57	58	59	12	2011-11-09
\N	04	35	36	51	56	08	2011-11-12
\N	13	22	25	39	51	28	2011-11-16
\N	09	16	17	28	30	11	2011-11-19
\N	04	30	35	57	59	25	2011-11-23
\N	20	37	39	45	55	28	2011-11-26
\N	02	06	34	35	47	22	2011-11-30
\N	05	18	33	43	45	08	2011-12-03
\N	03	14	20	39	40	37	2011-12-07
\N	04	19	33	41	59	09	2011-12-10
\N	02	24	46	52	56	19	2011-12-14
\N	13	28	49	51	59	33	2011-12-17
\N	10	13	15	31	54	18	2011-12-21
\N	14	16	30	51	52	19	2011-12-24
\N	16	21	27	41	45	14	2011-12-28
\N	05	23	25	28	40	34	2011-12-31
\N	21	35	46	47	50	02	2012-01-04
\N	03	21	24	38	39	24	2012-01-07
\N	05	19	29	45	47	25	2012-01-11
\N	10	30	36	38	41	01	2012-01-14
\N	06	29	34	44	50	28	2012-01-18
\N	12	24	43	44	45	07	2012-01-21
\N	04	19	28	29	47	05	2012-01-25
\N	05	33	41	54	59	13	2012-01-28
\N	08	13	17	34	59	35	2012-02-01
\N	15	23	43	45	56	07	2012-02-04
\N	17	28	38	39	51	33	2012-02-08
\N	01	10	37	52	57	11	2012-02-11
\N	11	12	32	52	56	11	2012-02-15
\N	23	28	50	56	59	05	2012-02-18
\N	07	16	17	39	51	32	2012-02-22
\N	06	11	42	53	54	07	2012-02-25
\N	01	04	11	23	26	14	2012-02-29
\N	29	30	45	47	49	35	2012-03-03
\N	12	35	45	46	47	12	2012-03-07
\N	05	14	17	20	41	05	2012-03-10
\N	01	08	41	46	59	24	2012-03-14
\N	11	14	49	55	58	30	2012-03-17
\N	32	43	53	55	56	06	2012-03-21
\N	01	15	35	37	47	08	2012-03-24
\N	11	16	29	50	58	33	2012-03-28
\N	05	14	36	54	58	27	2012-03-31
\N	01	24	33	45	49	06	2012-04-04
\N	05	13	17	20	30	18	2012-04-07
\N	16	23	42	44	47	02	2012-04-11
\N	14	15	16	19	24	02	2012-04-14
\N	20	22	39	46	49	29	2012-04-18
\N	06	08	20	42	51	16	2012-04-21
\N	04	25	29	34	43	29	2012-04-25
\N	31	39	40	57	58	33	2012-04-28
\N	07	08	33	38	50	29	2012-05-02
\N	09	12	20	44	59	23	2012-05-05
\N	01	07	11	55	56	01	2012-05-09
\N	10	24	35	53	58	22	2012-05-12
\N	03	07	21	28	43	02	2012-05-16
\N	08	13	35	46	51	30	2012-05-19
\N	04	07	26	53	59	32	2012-05-23
\N	13	14	41	49	59	14	2012-05-26
\N	09	10	24	52	56	14	2012-05-30
\N	09	10	17	29	45	33	2012-06-02
\N	19	30	33	48	59	27	2012-06-06
\N	18	22	45	56	57	27	2012-06-09
\N	07	10	14	33	57	18	2012-06-13
\N	08	14	15	16	27	26	2012-06-16
\N	11	17	29	56	57	14	2012-06-20
\N	01	03	41	44	53	30	2012-06-23
\N	06	34	40	46	58	06	2012-06-27
\N	07	15	20	41	44	22	2012-06-30
\N	14	19	35	39	56	33	2012-07-04
\N	03	05	29	39	59	29	2012-07-07
\N	05	22	36	49	55	23	2012-07-11
\N	04	16	32	37	46	13	2012-07-14
\N	02	05	20	23	57	03	2012-07-18
\N	09	31	38	54	56	20	2012-07-21
\N	03	14	35	38	46	16	2012-07-25
\N	05	06	13	36	50	13	2012-07-28
\N	03	16	48	56	58	04	2012-08-01
\N	19	30	48	53	55	18	2012-08-04
\N	03	07	11	15	28	12	2012-08-08
\N	04	13	39	46	51	01	2012-08-11
\N	06	27	46	51	56	21	2012-08-15
\N	14	26	41	55	59	01	2012-08-18
\N	22	29	31	47	55	19	2012-08-22
\N	01	06	07	20	49	23	2012-08-25
\N	25	28	49	54	56	28	2012-08-29
\N	08	11	21	44	49	22	2012-09-01
\N	04	19	26	42	51	29	2012-09-05
\N	06	20	34	44	48	29	2012-09-08
\N	24	33	36	48	56	06	2012-09-12
\N	03	20	26	43	48	01	2012-09-15
\N	01	05	08	39	50	23	2012-09-19
\N	02	16	18	40	42	33	2012-09-22
\N	13	26	39	41	42	10	2012-09-26
\N	14	18	28	29	57	08	2012-09-29
\N	17	23	36	55	59	10	2012-10-03
\N	15	26	34	36	59	35	2012-10-06
\N	18	26	29	35	43	28	2012-10-10
\N	02	05	25	26	49	18	2012-10-13
\N	01	07	10	23	42	35	2012-10-17
\N	04	21	28	31	44	10	2012-10-20
\N	03	18	21	23	50	04	2012-10-24
\N	22	32	34	36	56	33	2012-10-27
\N	01	27	31	45	48	05	2012-10-31
\N	04	07	09	30	54	25	2012-11-03
\N	32	34	45	52	58	20	2012-11-07
\N	32	42	50	54	55	32	2012-11-10
\N	08	10	30	44	58	13	2012-11-14
\N	03	15	27	58	59	20	2012-11-17
\N	08	18	24	30	39	26	2012-11-21
\N	22	32	37	44	50	34	2012-11-24
\N	05	16	22	23	29	06	2012-11-28
\N	03	10	19	36	46	03	2012-12-01
\N	13	17	19	27	38	12	2012-12-05
\N	07	23	26	40	53	21	2012-12-08
\N	08	10	25	36	44	28	2012-12-12
\N	15	23	40	44	55	14	2012-12-15
\N	05	08	20	23	30	03	2012-12-19
\N	01	18	35	39	44	11	2012-12-22
\N	11	13	23	43	54	04	2012-12-26
\N	36	46	50	52	55	14	2012-12-29
\N	18	20	28	35	53	20	2013-01-02
\N	26	30	49	51	54	25	2013-01-05
\N	11	13	20	27	59	26	2013-01-09
\N	10	14	21	23	47	07	2013-01-12
\N	09	21	28	32	51	35	2013-01-16
\N	08	28	29	34	38	35	2013-01-19
\N	11	12	24	43	45	09	2013-01-23
\N	03	22	26	41	49	18	2013-01-26
\N	14	16	32	47	52	16	2013-01-30
\N	11	16	33	40	41	34	2013-02-02
\N	05	27	36	38	41	12	2013-02-06
\N	05	06	16	36	58	03	2013-02-09
\N	12	23	25	27	43	29	2013-02-13
\N	15	16	46	50	58	29	2013-02-16
\N	03	17	19	25	32	17	2013-02-20
\N	02	05	31	39	41	29	2013-02-23
\N	03	14	20	34	48	21	2013-02-27
\N	03	08	13	41	56	16	2013-03-02
\N	06	10	23	41	45	01	2013-03-06
\N	10	37	40	46	52	12	2013-03-09
\N	05	09	28	32	38	29	2013-03-13
\N	03	07	21	44	53	16	2013-03-16
\N	13	14	17	43	54	15	2013-03-20
\N	17	29	31	52	53	31	2013-03-23
\N	07	37	43	48	52	16	2013-03-27
\N	11	23	26	46	55	27	2013-03-30
\N	01	06	08	12	35	03	2013-04-03
\N	04	07	08	29	39	24	2013-04-06
\N	01	36	40	52	53	20	2013-04-10
\N	10	12	31	56	57	33	2013-04-13
\N	13	18	36	48	58	28	2013-04-17
\N	06	08	30	39	48	20	2013-04-20
\N	09	19	31	56	59	02	2013-04-24
\N	03	23	48	54	55	05	2013-04-27
\N	22	26	31	54	55	18	2013-05-01
\N	07	12	26	36	40	17	2013-05-04
\N	21	22	26	30	57	27	2013-05-08
\N	06	13	19	23	43	16	2013-05-11
\N	02	11	26	34	41	32	2013-05-15
\N	10	13	14	22	52	11	2013-05-18
\N	09	31	35	41	57	26	2013-05-22
\N	02	06	19	21	27	25	2013-05-25
\N	09	14	17	49	57	02	2013-05-29
\N	22	28	33	53	59	14	2013-06-01
\N	04	26	33	36	55	32	2013-06-05
\N	02	11	22	26	32	19	2013-06-08
\N	16	22	23	42	55	32	2013-06-12
\N	28	36	40	48	55	01	2013-06-15
\N	07	46	47	52	57	17	2013-06-19
\N	13	19	23	33	57	28	2013-06-22
\N	01	18	33	39	46	33	2013-06-26
\N	08	28	30	53	56	16	2013-06-29
\N	03	06	29	40	51	04	2013-07-03
\N	02	13	35	36	52	11	2013-07-06
\N	30	31	45	55	59	27	2013-07-10
\N	02	08	22	35	37	06	2013-07-13
\N	01	22	34	38	42	17	2013-07-17
\N	14	25	27	38	58	06	2013-07-20
\N	09	29	40	44	54	07	2013-07-24
\N	09	23	40	53	58	06	2013-07-27
\N	08	24	39	49	59	05	2013-07-31
\N	21	24	36	42	45	15	2013-08-03
\N	05	25	30	58	59	32	2013-08-07
\N	04	12	14	37	58	13	2013-08-10
\N	04	11	17	43	51	20	2013-08-14
\N	18	21	46	54	56	23	2013-08-17
\N	30	40	42	46	48	23	2013-08-21
\N	12	17	25	45	59	19	2013-08-24
\N	06	07	09	19	32	13	2013-08-28
\N	02	07	25	40	56	20	2013-08-31
\N	02	09	26	45	47	11	2013-09-04
\N	02	19	22	26	45	24	2013-09-07
\N	11	19	33	42	52	33	2013-09-11
\N	01	17	25	37	44	20	2013-09-14
\N	07	10	22	32	35	19	2013-09-18
\N	12	17	45	54	58	13	2013-09-21
\N	02	07	17	49	53	23	2013-09-25
\N	14	47	52	53	54	05	2013-09-28
\N	04	06	25	42	51	17	2013-10-02
\N	11	12	17	39	40	05	2013-10-05
\N	03	09	19	33	38	18	2013-10-09
\N	08	10	26	57	58	04	2013-10-12
\N	03	26	28	34	42	28	2013-10-16
\N	09	33	54	56	57	05	2013-10-19
\N	03	23	31	34	47	13	2013-10-23
\N	04	06	34	49	56	29	2013-10-26
\N	02	36	40	49	54	10	2013-10-30
\N	13	23	24	27	40	17	2013-11-02
\N	01	05	10	15	49	22	2013-11-06
\N	03	09	37	49	56	32	2013-11-09
\N	05	31	50	55	56	09	2013-11-13
\N	10	29	37	44	59	10	2013-11-16
\N	04	18	23	32	45	07	2013-11-20
\N	05	12	43	52	55	10	2013-11-23
\N	18	25	50	55	57	17	2013-11-27
\N	05	26	44	45	57	29	2013-11-30
\N	06	09	11	31	44	25	2013-12-04
\N	13	20	32	45	48	17	2013-12-07
\N	01	10	13	18	19	27	2013-12-11
\N	14	25	32	33	41	34	2013-12-14
\N	07	24	37	39	40	01	2013-12-18
\N	25	36	40	45	51	08	2013-12-21
\N	23	28	38	39	56	32	2013-12-25
\N	08	35	44	51	56	18	2013-12-28
\N	15	24	40	48	52	23	2014-01-01
\N	19	20	37	41	58	14	2014-01-04
\N	10	28	39	47	58	22	2014-01-08
\N	10	15	33	48	54	34	2014-01-11
\N	07	08	09	24	29	25	2014-01-15
\N	13	14	19	31	38	25	2014-01-18
\N	01	02	07	09	55	29	2014-01-22
\N	08	12	18	55	57	02	2014-01-25
\N	11	23	28	32	47	20	2014-01-29
\N	05	12	15	27	38	07	2014-02-01
\N	08	17	32	57	59	24	2014-02-05
\N	24	25	34	37	54	29	2014-02-08
\N	36	44	49	52	57	01	2014-02-12
\N	02	09	14	21	23	03	2014-02-15
\N	01	17	35	49	54	34	2014-02-19
\N	02	03	13	14	54	04	2014-02-22
\N	11	12	17	38	42	02	2014-02-26
\N	03	08	25	30	47	13	2014-03-01
\N	03	07	09	26	54	19	2014-03-05
\N	10	14	24	32	41	30	2014-03-08
\N	14	15	28	37	54	10	2014-03-12
\N	02	05	34	51	58	09	2014-03-15
\N	02	19	23	34	43	14	2014-03-19
\N	13	28	31	55	58	15	2014-03-22
\N	28	33	41	44	59	21	2014-03-26
\N	02	03	12	27	38	17	2014-03-29
\N	08	13	19	22	53	24	2014-04-02
\N	11	21	26	33	34	29	2014-04-05
\N	09	14	44	48	49	29	2014-04-09
\N	14	26	45	54	55	20	2014-04-12
\N	34	39	42	44	59	08	2014-04-16
\N	05	06	29	35	51	21	2014-04-19
\N	19	25	29	36	48	12	2014-04-23
\N	03	07	22	30	33	20	2014-04-26
\N	02	09	11	19	50	32	2014-04-30
\N	05	15	16	46	49	26	2014-05-03
\N	17	29	31	48	49	34	2014-05-07
\N	04	31	41	47	55	01	2014-05-10
\N	07	33	39	52	55	33	2014-05-14
\N	23	32	39	47	49	22	2014-05-17
\N	04	20	34	39	58	31	2014-05-21
\N	15	16	28	49	55	18	2014-05-24
\N	02	24	28	32	59	25	2014-05-28
\N	15	27	31	34	48	01	2014-05-31
\N	01	07	10	22	49	24	2014-06-04
\N	28	30	35	58	59	15	2014-06-07
\N	14	18	25	33	49	23	2014-06-11
\N	09	33	42	45	54	30	2014-06-14
\N	06	09	29	52	59	07	2014-06-18
\N	05	06	37	41	54	26	2014-06-21
\N	10	20	25	50	53	35	2014-06-25
\N	08	12	34	43	56	09	2014-06-28
\N	08	18	45	53	58	35	2014-07-02
\N	24	34	36	57	58	11	2014-07-05
\N	09	25	42	55	57	14	2014-07-09
\N	02	03	07	23	51	26	2014-07-12
\N	05	15	18	26	32	35	2014-07-16
\N	10	17	25	45	53	09	2014-07-19
\N	04	10	12	22	31	03	2014-07-23
\N	24	28	30	38	39	16	2014-07-26
\N	13	30	42	49	53	29	2014-07-30
\N	12	26	44	46	47	29	2014-08-02
\N	01	08	24	28	49	24	2014-08-06
\N	03	12	31	34	51	24	2014-08-09
\N	08	37	39	40	52	24	2014-08-13
\N	07	08	17	48	59	09	2014-08-16
\N	04	08	21	38	40	03	2014-08-20
\N	28	32	35	36	52	31	2014-08-23
\N	17	24	26	45	46	19	2014-08-27
\N	05	28	31	52	59	27	2014-08-30
\N	02	16	43	45	51	35	2014-09-03
\N	09	29	31	43	50	18	2014-09-06
\N	02	14	39	40	43	13	2014-09-10
\N	01	06	16	37	53	27	2014-09-13
\N	18	25	36	48	50	23	2014-09-17
\N	22	23	30	37	39	16	2014-09-20
\N	07	14	21	24	41	26	2014-09-24
\N	02	11	35	52	54	13	2014-09-27
\N	01	04	18	20	45	07	2014-10-01
\N	13	18	24	25	33	31	2014-10-04
\N	05	16	31	46	50	18	2014-10-08
\N	10	19	37	38	39	28	2014-10-11
\N	05	07	19	27	28	20	2014-10-15
\N	20	26	27	36	54	19	2014-10-18
\N	29	30	40	42	50	16	2014-10-22
\N	06	10	51	54	57	12	2014-10-25
\N	25	28	48	57	59	16	2014-10-29
\N	01	03	13	25	38	17	2014-11-01
\N	02	11	19	21	42	34	2014-11-05
\N	09	19	33	38	54	15	2014-11-08
\N	37	39	51	52	55	11	2014-11-12
\N	13	16	33	35	51	28	2014-11-15
\N	06	36	38	48	51	17	2014-11-19
\N	23	49	53	54	57	35	2014-11-22
\N	16	17	22	46	54	35	2014-11-26
\N	13	24	30	42	48	27	2014-11-29
\N	25	30	32	46	54	26	2014-12-03
\N	12	15	22	43	49	14	2014-12-06
\N	34	44	48	54	55	10	2014-12-10
\N	05	13	28	43	55	33	2014-12-13
\N	22	31	38	47	48	15	2014-12-17
\N	14	15	19	31	56	05	2014-12-20
\N	11	12	46	47	50	22	2014-12-24
\N	07	10	11	14	36	15	2014-12-27
\N	17	27	37	40	53	35	2014-12-31
\N	04	18	43	46	55	25	2015-01-03
\N	14	15	47	49	59	10	2015-01-07
\N	02	09	19	28	29	19	2015-01-10
\N	02	04	10	41	53	22	2015-01-14
\N	15	16	23	27	36	09	2015-01-17
\N	11	12	15	28	57	23	2015-01-21
\N	16	19	20	29	33	10	2015-01-24
\N	12	24	35	36	49	01	2015-01-28
\N	05	11	16	26	50	34	2015-01-31
\N	24	36	51	52	56	22	2015-02-04
\N	05	10	21	34	58	33	2015-02-07
\N	11	13	25	39	54	19	2015-02-11
\N	01	24	44	45	51	28	2015-02-14
\N	01	09	29	32	49	22	2015-02-18
\N	10	14	18	34	51	26	2015-02-21
\N	17	19	21	32	39	08	2015-02-25
\N	11	17	25	28	46	12	2015-02-28
\N	08	12	15	35	50	32	2015-03-04
\N	34	36	38	42	50	33	2015-03-07
\N	11	24	31	40	44	27	2015-03-11
\N	08	14	39	46	47	18	2015-03-14
\N	14	25	30	33	47	08	2015-03-18
\N	11	16	30	38	42	07	2015-03-21
\N	07	19	23	50	54	14	2015-03-25
\N	02	04	06	12	38	17	2015-03-28
\N	02	30	33	39	44	01	2015-04-01
\N	33	39	40	41	54	28	2015-04-04
\N	01	19	45	46	58	29	2015-04-08
\N	01	12	32	42	58	12	2015-04-11
\N	01	16	21	29	40	30	2015-04-15
\N	13	22	23	29	31	17	2015-04-18
\N	10	14	25	39	53	18	2015-04-22
\N	21	33	35	38	45	12	2015-04-25
\N	01	26	34	38	51	06	2015-04-29
\N	02	06	11	30	31	33	2015-05-02
\N	23	24	27	39	41	30	2015-05-06
\N	04	15	17	35	58	17	2015-05-09
\N	01	25	29	31	47	07	2015-05-13
\N	24	29	38	48	52	32	2015-05-16
\N	01	12	28	35	44	25	2015-05-20
\N	09	15	17	31	43	16	2015-05-23
\N	08	15	34	53	59	23	2015-05-27
\N	08	09	25	56	57	22	2015-05-30
\N	06	08	13	37	40	11	2015-06-03
\N	08	13	18	27	43	15	2015-06-06
\N	31	32	48	49	53	25	2015-06-10
\N	29	41	48	52	54	29	2015-06-13
\N	20	21	22	41	54	07	2015-06-17
\N	09	10	16	20	57	15	2015-06-20
\N	03	05	10	22	32	07	2015-06-24
\N	18	28	35	46	49	27	2015-06-27
\N	07	24	26	31	41	25	2015-07-01
\N	03	06	14	18	24	21	2015-07-04
\N	04	15	25	27	30	18	2015-07-08
\N	11	39	46	52	54	03	2015-07-11
\N	13	16	34	45	50	11	2015-07-15
\N	06	37	39	45	55	33	2015-07-18
\N	12	31	43	44	57	11	2015-07-22
\N	27	29	34	41	44	02	2015-07-25
\N	04	22	27	28	52	35	2015-07-29
\N	07	13	24	49	57	15	2015-08-01
\N	09	11	14	16	42	19	2015-08-05
\N	09	34	48	52	54	15	2015-08-08
\N	08	13	29	38	52	28	2015-08-12
\N	03	13	17	42	52	24	2015-08-15
\N	06	08	43	48	50	07	2015-08-19
\N	04	12	14	21	55	07	2015-08-22
\N	02	22	32	45	56	12	2015-08-26
\N	18	21	25	28	29	16	2015-08-29
\N	17	22	30	46	56	16	2015-09-02
\N	10	16	18	29	45	19	2015-09-05
\N	44	45	47	50	51	08	2015-09-09
\N	02	03	13	16	35	27	2015-09-12
\N	05	07	24	31	39	07	2015-09-16
\N	12	17	26	43	48	24	2015-09-19
\N	08	29	41	51	58	05	2015-09-23
\N	23	31	42	50	57	05	2015-09-26
\N	21	39	40	55	59	17	2015-09-30
\N	06	26	33	44	46	04	2015-10-03
\N	18	30	40	48	52	09	2015-10-07
\N	12	27	29	43	68	01	2015-10-10
\N	15	20	29	31	40	01	2015-10-14
\N	48	49	57	62	69	19	2015-10-17
\N	30	32	42	56	57	11	2015-10-21
\N	20	31	56	60	64	02	2015-10-24
\N	04	54	56	62	63	10	2015-10-28
\N	09	20	25	47	68	07	2015-10-31
\N	02	12	17	20	65	17	2015-11-04
\N	07	16	25	50	53	15	2015-11-07
\N	04	26	32	55	64	18	2015-11-11
\N	14	22	37	45	66	05	2015-11-14
\N	17	40	41	46	69	06	2015-11-18
\N	37	47	50	52	57	21	2015-11-21
\N	16	29	53	58	69	21	2015-11-25
\N	02	06	47	66	67	02	2015-11-28
\N	14	18	19	32	64	09	2015-12-02
\N	13	27	33	47	68	13	2015-12-05
\N	07	10	16	46	56	01	2015-12-09
\N	02	14	19	30	62	22	2015-12-12
\N	09	10	32	42	55	06	2015-12-16
\N	28	30	41	59	68	10	2015-12-19
\N	16	38	55	63	67	25	2015-12-23
\N	27	40	44	59	65	20	2015-12-26
\N	12	36	38	54	61	22	2015-12-30
\N	05	06	15	29	42	10	2016-01-02
\N	02	11	47	62	63	17	2016-01-06
\N	16	19	32	34	57	13	2016-01-09
\N	04	08	19	27	34	10	2016-01-13
\N	03	51	52	61	64	06	2016-01-16
\N	05	39	44	47	69	24	2016-01-20
\N	22	32	34	40	69	19	2016-01-23
\N	03	12	40	52	67	21	2016-01-27
\N	05	12	16	31	43	18	2016-01-30
\N	26	28	31	60	67	23	2016-02-03
\N	04	13	31	36	52	08	2016-02-06
\N	02	03	40	50	62	05	2016-02-10
\N	07	15	18	19	36	20	2016-02-13
\N	07	17	27	29	40	25	2016-02-17
\N	11	12	15	16	54	25	2016-02-20
\N	21	31	64	65	67	05	2016-02-24
\N	10	11	21	22	53	18	2016-02-27
\N	12	13	44	52	62	06	2016-03-02
\N	03	27	34	59	69	19	2016-03-05
\N	14	23	32	34	68	03	2016-03-09
\N	11	28	50	57	62	23	2016-03-12
\N	10	12	13	46	50	21	2016-03-16
\N	11	23	43	54	60	03	2016-03-19
\N	05	08	15	22	49	25	2016-03-23
\N	11	23	42	52	68	06	2016-03-26
\N	24	44	53	55	63	19	2016-03-30
\N	09	28	30	40	61	03	2016-04-02
\N	04	28	49	60	65	25	2016-04-06
\N	14	22	23	41	61	09	2016-04-09
\N	30	33	35	38	64	22	2016-04-13
\N	03	18	25	32	51	03	2016-04-16
\N	12	25	30	52	62	08	2016-04-20
\N	19	35	46	59	62	13	2016-04-23
\N	02	25	33	39	64	17	2016-04-27
\N	03	12	16	32	34	14	2016-04-30
\N	30	47	57	66	69	03	2016-05-04
\N	05	25	26	44	66	09	2016-05-07
\N	20	32	52	66	69	23	2016-05-11
\N	13	27	47	64	65	09	2016-05-14
\N	23	25	39	54	67	11	2016-05-18
\N	05	07	09	23	32	26	2016-05-21
\N	11	24	41	59	64	15	2016-05-25
\N	06	33	34	58	59	12	2016-05-28
\N	23	30	33	40	69	12	2016-06-01
\N	16	20	22	43	64	17	2016-06-04
\N	12	25	37	60	69	20	2016-06-08
\N	20	27	36	41	58	07	2016-06-11
\N	04	22	24	31	33	10	2016-06-15
\N	02	23	41	53	63	11	2016-06-18
\N	14	40	42	43	52	17	2016-06-22
\N	03	27	36	56	69	25	2016-06-25
\N	23	29	37	60	64	06	2016-06-29
\N	10	34	39	59	63	04	2016-07-02
\N	02	24	31	57	66	18	2016-07-06
\N	10	28	32	61	64	12	2016-07-09
\N	03	15	29	54	57	10	2016-07-13
\N	11	17	40	50	62	26	2016-07-16
\N	06	25	35	58	66	05	2016-07-20
\N	05	07	23	35	39	11	2016-07-23
\N	10	47	50	65	68	24	2016-07-27
\N	11	17	21	23	32	05	2016-07-30
\N	09	11	27	66	67	02	2016-08-03
\N	20	33	36	47	52	12	2016-08-06
\N	23	56	61	64	67	12	2016-08-10
\N	38	44	60	64	69	06	2016-08-13
\N	33	44	49	50	52	08	2016-08-17
\N	03	06	21	60	68	24	2016-08-20
\N	09	11	25	64	65	16	2016-08-24
\N	04	32	48	49	63	20	2016-08-27
\N	05	10	24	56	61	12	2016-08-31
\N	07	39	50	59	67	25	2016-09-03
\N	22	23	29	33	55	21	2016-09-07
\N	03	17	49	55	68	08	2016-09-10
\N	10	11	23	28	31	14	2016-09-14
\N	09	19	51	55	62	14	2016-09-17
\N	01	28	63	67	69	17	2016-09-21
\N	07	15	20	29	41	22	2016-09-24
\N	30	38	52	53	62	01	2016-09-28
\N	02	12	50	61	64	01	2016-10-01
\N	08	18	27	29	60	15	2016-10-05
\N	03	54	61	64	68	09	2016-10-08
\N	16	30	34	37	44	16	2016-10-12
\N	23	49	57	64	67	20	2016-10-15
\N	10	16	38	43	63	23	2016-10-19
\N	01	28	33	55	56	22	2016-10-22
\N	02	03	16	48	56	24	2016-10-26
\N	19	20	21	42	48	23	2016-10-29
\N	13	18	37	54	61	05	2016-11-02
\N	21	31	50	51	69	08	2016-11-05
\N	01	25	28	31	54	02	2016-11-09
\N	08	17	20	27	52	24	2016-11-12
\N	28	41	61	63	65	07	2016-11-16
\N	16	24	28	43	61	21	2016-11-19
\N	07	32	41	47	61	03	2016-11-23
\N	17	19	21	37	44	16	2016-11-26
\N	03	14	18	25	45	07	2016-11-30
\N	08	10	26	27	33	22	2016-12-03
\N	41	48	49	53	64	20	2016-12-07
\N	12	21	32	44	66	15	2016-12-10
\N	18	26	37	39	66	15	2016-12-14
\N	01	08	16	40	48	10	2016-12-17
\N	25	33	40	54	68	03	2016-12-21
\N	28	38	42	51	52	21	2016-12-24
\N	16	23	30	44	58	04	2016-12-28
\N	01	03	28	57	67	09	2016-12-31
\N	16	17	29	41	42	04	2017-01-04
\N	03	12	24	37	63	10	2017-01-07
\N	01	03	13	16	43	24	2017-01-11
\N	23	55	59	64	69	13	2017-01-14
\N	09	40	41	53	58	12	2017-01-18
\N	23	25	45	52	67	02	2017-01-21
\N	18	28	62	66	68	22	2017-01-25
\N	12	20	39	49	69	17	2017-01-28
\N	09	43	57	60	64	10	2017-02-01
\N	06	13	16	17	52	25	2017-02-04
\N	14	20	42	49	66	05	2017-02-08
\N	05	09	17	37	64	02	2017-02-11
\N	05	28	33	38	42	19	2017-02-15
\N	03	07	09	31	33	20	2017-02-18
\N	10	13	28	52	61	02	2017-02-22
\N	06	32	47	62	65	19	2017-02-25
\N	10	16	40	52	55	17	2017-03-01
\N	02	18	19	22	63	19	2017-03-04
\N	23	33	42	46	59	04	2017-03-08
\N	01	26	41	50	57	11	2017-03-11
\N	16	30	41	48	53	16	2017-03-15
\N	13	25	44	54	67	05	2017-03-18
\N	02	09	27	29	42	09	2017-03-22
\N	18	31	32	45	48	16	2017-03-25
\N	08	15	31	36	62	11	2017-03-29
\N	09	32	36	44	65	01	2017-04-01
\N	08	20	46	53	54	13	2017-04-05
\N	23	36	51	53	60	15	2017-04-08
\N	08	14	61	63	68	24	2017-04-12
\N	05	22	26	45	61	13	2017-04-15
\N	01	19	37	40	52	15	2017-04-19
\N	21	39	41	48	63	06	2017-04-22
\N	01	15	18	26	51	26	2017-04-26
\N	22	23	24	45	62	05	2017-04-29
\N	17	18	49	59	66	09	2017-05-03
\N	11	21	31	41	59	21	2017-05-06
\N	29	31	46	56	62	08	2017-05-10
\N	17	20	32	63	68	19	2017-05-13
\N	04	11	39	45	48	09	2017-05-17
\N	05	22	45	47	54	03	2017-05-20
\N	28	32	33	38	62	15	2017-05-24
\N	05	10	28	55	67	09	2017-05-27
\N	04	33	39	46	60	06	2017-05-31
\N	03	09	21	41	54	25	2017-06-03
\N	05	21	57	66	69	13	2017-06-07
\N	20	26	32	38	58	03	2017-06-10
\N	05	22	43	57	63	24	2017-06-14
\N	10	13	32	53	62	21	2017-06-17
\N	14	46	61	65	68	13	2017-06-21
\N	10	22	32	36	58	10	2017-06-24
\N	29	37	46	53	68	08	2017-06-28
\N	19	42	45	48	53	16	2017-07-01
\N	04	09	16	54	68	21	2017-07-05
\N	08	10	29	40	59	26	2017-07-08
\N	01	02	18	23	61	09	2017-07-12
\N	09	40	63	64	66	17	2017-07-15
\N	50	51	59	61	63	04	2017-07-19
\N	05	32	44	53	60	09	2017-07-22
\N	07	19	21	42	69	12	2017-07-26
\N	01	28	40	45	48	12	2017-07-29
\N	01	16	54	63	69	18	2017-08-02
\N	11	21	28	33	45	11	2017-08-05
\N	12	30	36	47	62	09	2017-08-09
\N	20	24	26	35	49	19	2017-08-12
\N	09	15	43	60	64	04	2017-08-16
\N	17	19	39	43	68	13	2017-08-19
\N	06	07	16	23	26	04	2017-08-23
\N	07	15	32	38	66	15	2017-08-26
\N	19	28	43	67	69	07	2017-08-30
\N	06	21	41	52	62	26	2017-09-02
\N	08	14	32	58	67	17	2017-09-06
\N	06	20	29	57	59	22	2017-09-09
\N	17	24	35	57	63	19	2017-09-13
\N	17	18	24	25	31	24	2017-09-16
\N	39	48	53	67	68	26	2017-09-20
\N	24	45	55	56	57	19	2017-09-23
\N	08	10	21	23	25	22	2017-09-27
\N	08	12	25	41	64	15	2017-09-30
\N	22	23	62	63	66	24	2017-10-04
\N	10	49	61	63	65	07	2017-10-07
\N	01	03	13	19	69	23	2017-10-11
\N	32	37	56	66	69	11	2017-10-14
\N	30	49	54	66	69	08	2017-10-18
\N	14	41	42	45	69	04	2017-10-21
\N	18	22	29	54	57	08	2017-10-25
\N	27	35	38	57	66	10	2017-10-28
\N	03	06	19	26	44	01	2017-11-01
\N	12	14	26	48	51	13	2017-11-04
\N	12	14	20	21	34	22	2017-11-08
\N	04	06	16	30	56	18	2017-11-11
\N	23	32	44	48	50	25	2017-11-15
\N	17	28	31	32	39	26	2017-11-18
\N	35	37	46	51	61	13	2017-11-22
\N	08	13	27	53	54	04	2017-11-25
\N	24	26	28	59	63	16	2017-11-29
\N	28	30	32	36	58	06	2017-12-02
\N	19	20	50	55	62	09	2017-12-06
\N	25	36	37	55	60	06	2017-12-09
\N	02	24	28	51	58	07	2017-12-13
\N	09	35	37	50	63	11	2017-12-16
\N	01	20	61	64	69	20	2017-12-20
\N	01	03	13	15	44	25	2017-12-23
\N	03	09	16	56	60	03	2017-12-27
\N	28	36	41	51	58	24	2017-12-30
\N	02	18	37	39	42	12	2018-01-03
\N	12	29	30	33	61	26	2018-01-06
\N	07	24	33	49	50	04	2018-01-10
\N	14	25	35	58	69	24	2018-01-13
\N	03	33	37	51	57	21	2018-01-17
\N	26	28	47	49	58	03	2018-01-20
\N	05	09	11	33	64	21	2018-01-24
\N	17	21	26	47	54	07	2018-01-27
\N	04	07	14	46	59	22	2018-01-31
\N	15	23	27	48	53	06	2018-02-03
\N	23	34	35	40	47	10	2018-02-07
\N	01	13	27	41	59	20	2018-02-10
\N	37	39	44	46	69	26	2018-02-14
\N	13	26	39	44	62	02	2018-02-17
